frame_id,time_sec,Hips_X,Hips_Y,Hips_Z,LeftUpperLeg_X,LeftUpperLeg_Y,LeftUpperLeg_Z,RightUpperLeg_X,RightUpperLeg_Y,RightUpperLeg_Z,LeftLowerLeg_X,LeftLowerLeg_Y,LeftLowerLeg_Z,RightLowerLeg_X,RightLowerLeg_Y,RightLowerLeg_Z,LeftFoot_X,LeftFoot_Y,LeftFoot_Z,RightFoot_X,RightFoot_Y,RightFoot_Z,Spine_X,Spine_Y,Spine_Z,Chest_X,Chest_Y,Chest_Z,Neck_X,Neck_Y,Neck_Z,Head_X,Head_Y,Head_Z,LeftShoulder_X,LeftShoulder_Y,LeftShoulder_Z,RightShoulder_X,RightShoulder_Y,RightShoulder_Z,LeftUpperArm_X,LeftUpperArm_Y,LeftUpperArm_Z,RightUpperArm_X,RightUpperArm_Y,RightUpperArm_Z,LeftLowerArm_X,LeftLowerArm_Y,LeftLowerArm_Z,RightLowerArm_X,RightLowerArm_Y,RightLowerArm_Z,LeftHand_X,LeftHand_Y,LeftHand_Z,RightHand_X,RightHand_Y,RightHand_Z,LeftToes_X,LeftToes_Y,LeftToes_Z,RightToes_X,RightToes_Y,RightToes_Z,LeftEye_X,LeftEye_Y,LeftEye_Z,RightEye_X,RightEye_Y,RightEye_Z,Jaw_X,Jaw_Y,Jaw_Z,LeftThumbProximal_X,LeftThumbProximal_Y,LeftThumbProximal_Z,LeftThumbIntermediate_X,LeftThumbIntermediate_Y,LeftThumbIntermediate_Z,LeftThumbDistal_X,LeftThumbDistal_Y,LeftThumbDistal_Z,LeftIndexProximal_X,LeftIndexProximal_Y,LeftIndexProximal_Z,LeftIndexIntermediate_X,LeftIndexIntermediate_Y,LeftIndexIntermediate_Z,LeftIndexDistal_X,LeftIndexDistal_Y,LeftIndexDistal_Z,LeftMiddleProximal_X,LeftMiddleProximal_Y,LeftMiddleProximal_Z,LeftMiddleIntermediate_X,LeftMiddleIntermediate_Y,LeftMiddleIntermediate_Z,LeftMiddleDistal_X,LeftMiddleDistal_Y,LeftMiddleDistal_Z,LeftRingProximal_X,LeftRingProximal_Y,LeftRingProximal_Z,LeftRingIntermediate_X,LeftRingIntermediate_Y,LeftRingIntermediate_Z,LeftRingDistal_X,LeftRingDistal_Y,LeftRingDistal_Z,LeftLittleProximal_X,LeftLittleProximal_Y,LeftLittleProximal_Z,LeftLittleIntermediate_X,LeftLittleIntermediate_Y,LeftLittleIntermediate_Z,LeftLittleDistal_X,LeftLittleDistal_Y,LeftLittleDistal_Z,RightThumbProximal_X,RightThumbProximal_Y,RightThumbProximal_Z,RightThumbIntermediate_X,RightThumbIntermediate_Y,RightThumbIntermediate_Z,RightThumbDistal_X,RightThumbDistal_Y,RightThumbDistal_Z,RightIndexProximal_X,RightIndexProximal_Y,RightIndexProximal_Z,RightIndexIntermediate_X,RightIndexIntermediate_Y,RightIndexIntermediate_Z,RightIndexDistal_X,RightIndexDistal_Y,RightIndexDistal_Z,RightMiddleProximal_X,RightMiddleProximal_Y,RightMiddleProximal_Z,RightMiddleIntermediate_X,RightMiddleIntermediate_Y,RightMiddleIntermediate_Z,RightMiddleDistal_X,RightMiddleDistal_Y,RightMiddleDistal_Z,RightRingProximal_X,RightRingProximal_Y,RightRingProximal_Z,RightRingIntermediate_X,RightRingIntermediate_Y,RightRingIntermediate_Z,RightRingDistal_X,RightRingDistal_Y,RightRingDistal_Z,RightLittleProximal_X,RightLittleProximal_Y,RightLittleProximal_Z,RightLittleIntermediate_X,RightLittleIntermediate_Y,RightLittleIntermediate_Z,RightLittleDistal_X,RightLittleDistal_Y,RightLittleDistal_Z,UpperChest_X,UpperChest_Y,UpperChest_Z
0,0.000,-0.094328,0.962387,-3.336017,-0.214023,0.963261,-3.343622,0.025368,0.961515,-3.328412,-0.285303,0.557367,-3.173321,0.027349,0.535910,-3.195409,-0.237498,0.269604,-3.470257,0.027525,0.129395,-3.284902,-0.093596,1.079611,-3.334081,-0.096241,1.293443,-3.318763,-0.086526,1.533881,-3.287236,-0.081480,1.630567,-3.249449,-0.123837,1.483128,-3.289653,-0.053150,1.481001,-3.295178,-0.261225,1.429288,-3.266049,0.080585,1.417287,-3.308440,-0.324805,1.145997,-3.275725,0.143496,1.133124,-3.317236,-0.344985,0.870157,-3.216899,0.167950,0.868112,-3.221680,-0.258435,0.096641,-3.428649,0.046513,0.045038,-3.128027,,,,,,,,,,-0.327879,0.857146,-3.204182,-0.302235,0.810345,-3.204344,-0.292110,0.776529,-3.210759,-0.325810,0.776885,-3.202946,-0.312372,0.745463,-3.216825,-0.298650,0.728642,-3.232240,-0.345027,0.776423,-3.219939,-0.332713,0.746424,-3.242124,-0.321289,0.731881,-3.260646,-0.360673,0.777440,-3.234157,-0.349970,0.749448,-3.256644,-0.339084,0.739685,-3.274344,-0.373023,0.784197,-3.250896,-0.363025,0.761571,-3.272484,-0.352048,0.752892,-3.290391,0.155385,0.859045,-3.202096,0.122758,0.817700,-3.193489,0.109374,0.784959,-3.199507,0.147224,0.780455,-3.187789,0.126239,0.750252,-3.190606,0.104509,0.737424,-3.199102,0.159142,0.775483,-3.209959,0.138442,0.742783,-3.216728,0.116741,0.734809,-3.229007,0.168828,0.772760,-3.228581,0.149111,0.742109,-3.237276,0.129549,0.740690,-3.249204,0.175030,0.775829,-3.249330,0.156452,0.750381,-3.258554,0.137595,0.743316,-3.269103,,,
1,0.033,-0.094328,0.962387,-3.336017,-0.214023,0.963261,-3.343622,0.025368,0.961515,-3.328412,-0.285303,0.557367,-3.173321,0.027349,0.535910,-3.195409,-0.237498,0.269604,-3.470257,0.027525,0.129395,-3.284902,-0.093596,1.079611,-3.334081,-0.096241,1.293443,-3.318763,-0.086526,1.533881,-3.287236,-0.081480,1.630567,-3.249449,-0.123837,1.483128,-3.289653,-0.053150,1.481001,-3.295178,-0.261225,1.429288,-3.266049,0.080585,1.417287,-3.308440,-0.324805,1.145997,-3.275725,0.143496,1.133124,-3.317236,-0.344985,0.870157,-3.216899,0.167950,0.868112,-3.221680,-0.258435,0.096641,-3.428649,0.046513,0.045038,-3.128027,,,,,,,,,,-0.327879,0.857146,-3.204182,-0.302235,0.810345,-3.204344,-0.292110,0.776529,-3.210759,-0.325810,0.776885,-3.202946,-0.312372,0.745463,-3.216825,-0.298650,0.728642,-3.232240,-0.345027,0.776423,-3.219939,-0.332713,0.746424,-3.242124,-0.321289,0.731881,-3.260646,-0.360673,0.777440,-3.234157,-0.349970,0.749448,-3.256644,-0.339084,0.739685,-3.274344,-0.373023,0.784197,-3.250896,-0.363025,0.761571,-3.272484,-0.352048,0.752892,-3.290391,0.155385,0.859045,-3.202096,0.122758,0.817700,-3.193489,0.109374,0.784959,-3.199507,0.147224,0.780455,-3.187789,0.126239,0.750252,-3.190606,0.104509,0.737424,-3.199102,0.159142,0.775483,-3.209959,0.138442,0.742783,-3.216728,0.116741,0.734809,-3.229007,0.168828,0.772760,-3.228581,0.149111,0.742109,-3.237276,0.129549,0.740690,-3.249204,0.175030,0.775829,-3.249330,0.156452,0.750381,-3.258554,0.137595,0.743316,-3.269103,,,
2,0.067,-0.103085,0.977721,-3.279724,-0.222920,0.978283,-3.284708,0.016750,0.977160,-3.274740,-0.285636,0.583141,-3.087827,0.017138,0.538611,-3.194068,-0.247653,0.235439,-3.313490,0.021627,0.131077,-3.278680,-0.102597,1.094953,-3.278261,-0.104125,1.308624,-3.260711,-0.096001,1.548934,-3.227788,-0.092579,1.645597,-3.189761,-0.133016,1.497999,-3.230849,-0.062267,1.496275,-3.235684,-0.270308,1.442793,-3.210005,0.072394,1.434126,-3.246828,-0.331318,1.161110,-3.246366,0.138981,1.150720,-3.241266,-0.361478,0.881151,-3.220508,0.151694,0.894216,-3.122928,-0.272429,0.080193,-3.227636,0.042535,0.046323,-3.122264,,,,,,,,,,-0.344717,0.866049,-3.209803,-0.318590,0.820195,-3.217730,-0.307469,0.788221,-3.229611,-0.341845,0.786983,-3.223515,-0.327944,0.757348,-3.240518,-0.313496,0.742387,-3.257138,-0.360415,0.789644,-3.241017,-0.347466,0.763028,-3.266857,-0.335399,0.751172,-3.286829,-0.375535,0.793250,-3.255382,-0.364597,0.768584,-3.281377,-0.353303,0.761258,-3.299975,-0.387329,0.802979,-3.271023,-0.376969,0.784459,-3.296076,-0.365608,0.779025,-3.314994,0.136895,0.888012,-3.103793,0.103256,0.848027,-3.092949,0.090421,0.814618,-3.095486,0.126685,0.812329,-3.078986,0.106493,0.781461,-3.079144,0.085984,0.766815,-3.087736,0.141061,0.804258,-3.098644,0.121269,0.770545,-3.102557,0.101103,0.760391,-3.115805,0.152821,0.798913,-3.115412,0.134431,0.766823,-3.121406,0.116395,0.763118,-3.135114,0.161401,0.798938,-3.135530,0.144113,0.772046,-3.142994,0.126669,0.763134,-3.154530,,,
3,0.100,-0.108697,0.988691,-3.236716,-0.228582,0.989629,-3.240230,0.011188,0.987752,-3.233201,-0.282582,0.597719,-3.034505,0.009027,0.542865,-3.203144,-0.249607,0.202887,-3.162113,0.015431,0.136604,-3.293556,-0.107866,1.105893,-3.233785,-0.108947,1.319466,-3.215046,-0.104906,1.559976,-3.182836,-0.103897,1.656779,-3.145025,-0.141147,1.508542,-3.186715,-0.070275,1.507743,-3.189602,-0.278820,1.452371,-3.171801,0.065681,1.447769,-3.195866,-0.336751,1.174452,-3.233400,0.141169,1.167396,-3.174046,-0.369675,0.893629,-3.230309,0.145528,0.921207,-3.035004,-0.277982,0.076382,-3.038512,0.036708,0.052697,-3.136734,,,,,,,,,,-0.353250,0.878338,-3.219352,-0.324063,0.834640,-3.228660,-0.309894,0.804456,-3.241899,-0.344837,0.801128,-3.239735,-0.327875,0.773420,-3.257203,-0.311075,0.760330,-3.273179,-0.361734,0.804607,-3.258726,-0.345124,0.780722,-3.285133,-0.330631,0.771016,-3.304648,-0.375558,0.808883,-3.274173,-0.361208,0.786769,-3.300797,-0.347922,0.781348,-3.318719,-0.386279,0.819516,-3.289996,-0.372805,0.803703,-3.315420,-0.359508,0.800416,-3.333555,0.129213,0.915201,-3.017078,0.095079,0.875107,-3.008394,0.082623,0.841586,-3.011314,0.117513,0.839865,-2.991871,0.097481,0.808927,-2.993334,0.077827,0.794087,-3.003454,0.133557,0.831588,-3.010102,0.114195,0.797789,-3.015236,0.095245,0.787436,-3.030035,0.146730,0.826061,-3.025720,0.129007,0.793802,-3.032725,0.112199,0.789819,-3.047845,0.156977,0.825819,-3.045042,0.140443,0.798737,-3.053470,0.124041,0.789585,-3.066275,,,
4,0.133,-0.112891,0.991312,-3.184195,-0.232795,0.991468,-3.187115,0.007013,0.991156,-3.181276,-0.274278,0.592119,-2.993124,0.007446,0.545297,-3.187786,-0.251392,0.176500,-2.993705,0.011835,0.142213,-3.291551,-0.112843,1.108475,-3.179890,-0.112548,1.321961,-3.160166,-0.112888,1.562587,-3.128575,-0.114105,1.659554,-3.091193,-0.148270,1.510650,-3.133523,-0.077337,1.510818,-3.134003,-0.286007,1.453289,-3.125177,0.060247,1.454329,-3.134116,-0.336927,1.180448,-3.210939,0.147288,1.179248,-3.094900,-0.369511,0.900268,-3.230748,0.138436,0.947767,-2.932732,-0.284611,0.087558,-2.841811,0.034187,0.058666,-3.134686,,,,,,,,,,-0.353662,0.884866,-3.219119,-0.321934,0.842893,-3.228039,-0.305233,0.814137,-3.241504,-0.340108,0.809484,-3.243231,-0.320452,0.783508,-3.260537,-0.301658,0.772020,-3.275492,-0.355137,0.813615,-3.263611,-0.334986,0.792039,-3.289537,-0.318208,0.784095,-3.307990,-0.367500,0.818413,-3.280107,-0.349676,0.798558,-3.306410,-0.334453,0.794751,-3.323169,-0.376999,0.829683,-3.296267,-0.360358,0.816003,-3.321043,-0.345151,0.814343,-3.337851,0.120347,0.942028,-2.916499,0.086117,0.901571,-2.910214,0.074113,0.867877,-2.913047,0.107163,0.867341,-2.890122,0.087463,0.836324,-2.893347,0.069155,0.821229,-2.905427,0.125246,0.858791,-2.906190,0.106782,0.824724,-2.912680,0.089699,0.813888,-2.929295,0.140145,0.853019,-2.920072,0.123383,0.820506,-2.928189,0.108361,0.816082,-2.944973,0.152457,0.852347,-2.938137,0.136849,0.825001,-2.947432,0.121858,0.815456,-2.961608,,,
5,0.167,-0.116115,0.985247,-3.134638,-0.235988,0.981860,-3.136791,0.003758,0.988633,-3.132485,-0.268843,0.587569,-2.931151,0.013670,0.543415,-3.155179,-0.263260,0.183095,-2.833004,0.014710,0.149620,-3.290040,-0.119517,1.102323,-3.129415,-0.116414,1.315782,-3.109630,-0.122016,1.556451,-3.078882,-0.125031,1.653573,-3.042005,-0.156303,1.503907,-3.084990,-0.085415,1.505280,-3.082788,-0.293608,1.444968,-3.082753,0.053551,1.452741,-3.075846,-0.333494,1.177687,-3.189333,0.152749,1.185608,-3.015983,-0.362327,0.899483,-3.230883,0.134660,0.968326,-2.835922,-0.299323,0.133602,-2.664671,0.037054,0.063475,-3.134586,,,,,,,,,,-0.347512,0.883838,-3.218258,-0.314037,0.842903,-3.225451,-0.295188,0.815103,-3.238060,-0.329649,0.809923,-3.244047,-0.307712,0.785066,-3.260219,-0.287174,0.774566,-3.273513,-0.342425,0.814735,-3.265770,-0.319103,0.794705,-3.290237,-0.300242,0.787892,-3.307057,-0.352996,0.820080,-3.283310,-0.331946,0.801799,-3.308339,-0.314893,0.799046,-3.323463,-0.360908,0.831923,-3.299910,-0.341290,0.819713,-3.323234,-0.324268,0.819108,-3.338279,0.114941,0.963211,-2.821479,0.080888,0.922436,-2.816403,0.068960,0.888633,-2.817979,0.100073,0.890078,-2.791845,0.081008,0.858757,-2.795856,0.064352,0.842900,-2.809276,0.120003,0.880948,-2.805176,0.102784,0.846253,-2.811761,0.087871,0.834204,-2.829586,0.136476,0.874653,-2.816883,0.120913,0.841552,-2.825005,0.107928,0.836041,-2.843114,0.150771,0.873117,-2.833365,0.136204,0.845179,-2.842591,0.122810,0.834720,-2.857689,,,
6,0.200,-0.119055,0.973474,-3.079271,-0.238796,0.966605,-3.079844,0.000687,0.980343,-3.078698,-0.266308,0.586081,-2.849025,0.020026,0.536898,-3.121304,-0.284201,0.200631,-2.692910,0.017898,0.155137,-3.287187,-0.125789,1.090381,-3.073529,-0.121322,1.303919,-3.054896,-0.131469,1.544629,-3.025662,-0.135746,1.641888,-2.989278,-0.164762,1.491540,-3.032518,-0.094003,1.494000,-3.028172,-0.301769,1.431939,-3.035356,0.045181,1.443464,-3.014240,-0.330684,1.170241,-3.158108,0.153061,1.185928,-2.931650,-0.355847,0.895434,-3.219776,0.126951,0.980971,-2.738593,-0.322146,0.191894,-2.518067,0.040484,0.065596,-3.133698,,,,,,,,,,-0.342166,0.879227,-3.206593,-0.307551,0.839054,-3.212591,-0.287152,0.812183,-3.224795,-0.320722,0.807050,-3.234488,-0.296548,0.783941,-3.250053,-0.274495,0.774919,-3.261930,-0.331295,0.812976,-3.257101,-0.305143,0.795025,-3.280286,-0.284524,0.789675,-3.295496,-0.340107,0.819216,-3.275305,-0.316088,0.803124,-3.299136,-0.297497,0.801756,-3.312538,-0.346463,0.831913,-3.291942,-0.324355,0.821477,-3.313859,-0.305899,0.822054,-3.327106,0.106068,0.976677,-2.725590,0.072503,0.935602,-2.719739,0.060975,0.901632,-2.719008,0.089935,0.906269,-2.690517,0.071797,0.874294,-2.693551,0.056759,0.856952,-2.707043,0.111206,0.896499,-2.701021,0.095369,0.860873,-2.705882,0.082457,0.846848,-2.723823,0.128827,0.889603,-2.710507,0.114608,0.855550,-2.716994,0.103482,0.848141,-2.735656,0.144635,0.886930,-2.725385,0.131294,0.857950,-2.733128,0.119445,0.845832,-2.748280,,,
7,0.233,-0.122875,0.958290,-3.020326,-0.242523,0.950084,-3.018755,-0.003226,0.966496,-3.021896,-0.266659,0.589976,-2.756892,0.021132,0.526469,-3.089835,-0.296327,0.214159,-2.580412,0.016967,0.158738,-3.284821,-0.130803,1.075094,-3.014027,-0.127392,1.288749,-2.996547,-0.139514,1.529530,-2.968683,-0.144453,1.626946,-2.932806,-0.172358,1.476203,-2.975853,-0.101702,1.479122,-2.970293,-0.309423,1.417078,-2.982835,0.036885,1.428814,-2.950719,-0.330547,1.159367,-3.115229,0.149781,1.180555,-2.848713,-0.354629,0.888865,-3.193994,0.119680,0.984270,-2.647401,-0.334055,0.239473,-2.407144,0.040804,0.067429,-3.132569,,,,,,,,,,-0.341694,0.871990,-3.180895,-0.306494,0.832334,-3.186921,-0.285032,0.806201,-3.198905,-0.318038,0.801562,-3.211355,-0.291703,0.781645,-3.227798,-0.268587,0.775228,-3.239343,-0.327208,0.808710,-3.234226,-0.298848,0.793868,-3.257011,-0.277093,0.790673,-3.271210,-0.334900,0.815930,-3.252575,-0.308449,0.802932,-3.275709,-0.288878,0.803473,-3.287701,-0.340283,0.829517,-3.268847,-0.316420,0.820969,-3.289715,-0.297077,0.822751,-3.301511,0.098219,0.980187,-2.635302,0.065869,0.938378,-2.627994,0.055972,0.904005,-2.625177,0.082554,0.912236,-2.595491,0.065784,0.879420,-2.597040,0.052237,0.860495,-2.609974,0.104760,0.902529,-2.603916,0.090632,0.865973,-2.606685,0.079388,0.850038,-2.624147,0.123158,0.895619,-2.611774,0.110601,0.860612,-2.616324,0.100914,0.851325,-2.634948,0.139921,0.892404,-2.625451,0.128052,0.862379,-2.631402,0.117532,0.848582,-2.646092,,,
8,0.267,-0.127765,0.944432,-2.958963,-0.247397,0.936471,-2.955767,-0.008132,0.952393,-2.962158,-0.271173,0.579184,-2.690036,0.016812,0.517722,-3.058445,-0.294196,0.203109,-2.513116,0.014438,0.164423,-3.278531,-0.135366,1.061250,-2.952527,-0.134059,1.274933,-2.935097,-0.147231,1.515639,-2.907063,-0.153116,1.613083,-2.871405,-0.179812,1.462266,-2.915045,-0.109299,1.465303,-2.907941,-0.316402,1.402706,-2.926317,0.028819,1.415759,-2.883670,-0.331138,1.145778,-3.061078,0.143397,1.173148,-2.770552,-0.354719,0.879285,-3.152625,0.115034,0.980153,-2.565835,-0.326944,0.224191,-2.338275,0.038816,0.067048,-3.130173,,,,,,,,,,-0.341925,0.861791,-3.140220,-0.306376,0.822701,-3.147724,-0.284576,0.797389,-3.160810,-0.317278,0.793244,-3.174004,-0.290183,0.775445,-3.191603,-0.266784,0.770638,-3.203357,-0.326066,0.801577,-3.196623,-0.296912,0.788896,-3.219708,-0.274810,0.787125,-3.233617,-0.333462,0.809744,-3.214695,-0.306155,0.798819,-3.237906,-0.286309,0.800531,-3.249321,-0.338626,0.824168,-3.230304,-0.314139,0.816988,-3.250964,-0.294514,0.819569,-3.262130,0.093319,0.976283,-2.554127,0.061947,0.934126,-2.544820,0.053243,0.899670,-2.539881,0.078311,0.910871,-2.510040,0.062511,0.877541,-2.509797,0.049924,0.857375,-2.521792,0.101042,0.901276,-2.517075,0.088112,0.864179,-2.517592,0.077915,0.846690,-2.534190,0.119873,0.894392,-2.523860,0.108442,0.858796,-2.526339,0.099630,0.847972,-2.544563,0.137152,0.890732,-2.536760,0.126308,0.860018,-2.540869,0.116643,0.844903,-2.554830,,,
9,0.300,-0.133663,0.932175,-2.894874,-0.253413,0.926214,-2.891719,-0.013913,0.938136,-2.898029,-0.274778,0.560466,-2.637545,0.007242,0.511214,-3.025003,-0.287732,0.177244,-2.475568,0.011606,0.172397,-3.266762,-0.139374,1.049197,-2.890518,-0.140548,1.263051,-2.875333,-0.155753,1.503857,-2.849249,-0.163513,1.601529,-2.814588,-0.187814,1.450267,-2.857853,-0.117560,1.453714,-2.848675,-0.323277,1.388758,-2.871917,0.020374,1.406078,-2.819946,-0.335150,1.129108,-3.001652,0.135484,1.164495,-2.705180,-0.358869,0.863384,-3.095370,0.114782,0.968200,-2.502696,-0.311314,0.160764,-2.298768,0.036948,0.062780,-3.127377,,,,,,,,,,-0.346013,0.845139,-3.084169,-0.311695,0.805620,-3.094587,-0.291162,0.780477,-3.109863,-0.324282,0.777472,-3.121540,-0.298312,0.759929,-3.140993,-0.275525,0.755181,-3.153915,-0.333744,0.786884,-3.143452,-0.305783,0.774423,-3.168081,-0.284261,0.772672,-3.182874,-0.341642,0.795921,-3.160886,-0.315470,0.785341,-3.185520,-0.296029,0.787070,-3.197611,-0.347071,0.811061,-3.175708,-0.323454,0.804053,-3.197411,-0.304147,0.806552,-3.209136,0.093111,0.964434,-2.490871,0.062621,0.922109,-2.479601,0.055068,0.887651,-2.473050,0.079352,0.900939,-2.443683,0.064441,0.867290,-2.441231,0.052350,0.846078,-2.451852,0.102311,0.891508,-2.450179,0.090345,0.854124,-2.448509,0.080610,0.835429,-2.464036,0.121311,0.884713,-2.456569,0.110891,0.848725,-2.456985,0.102424,0.836627,-2.474560,0.138714,0.880804,-2.469228,0.128958,0.849551,-2.471653,0.119883,0.833384,-2.484808,,,
10,0.333,-0.140718,0.922244,-2.827600,-0.260565,0.917674,-2.826376,-0.020871,0.926813,-2.828824,-0.277236,0.543091,-2.585042,-0.003475,0.511913,-2.991269,-0.283044,0.150658,-2.446385,0.012296,0.186124,-3.249874,-0.145154,1.039366,-2.824715,-0.148852,1.253462,-2.813989,-0.164979,1.494841,-2.794625,-0.175301,1.593092,-2.762352,-0.196744,1.440995,-2.802720,-0.126776,1.444789,-2.791679,-0.331419,1.378133,-2.818285,0.010804,1.398518,-2.759262,-0.345358,1.113611,-2.937548,0.123422,1.153513,-2.649382,-0.371305,0.844676,-3.020950,0.111798,0.948713,-2.454749,-0.305451,0.093014,-2.278275,0.038916,0.055010,-3.130766,,,,,,,,,,-0.358365,0.825911,-3.010750,-0.326018,0.785478,-3.023667,-0.307498,0.760034,-3.040893,-0.341124,0.758054,-3.050066,-0.316958,0.740045,-3.071333,-0.295183,0.734812,-3.085730,-0.351617,0.768014,-3.071255,-0.325502,0.754997,-3.097567,-0.304927,0.752767,-3.113591,-0.360285,0.777496,-3.088076,-0.335939,0.766446,-3.114323,-0.317202,0.767738,-3.127529,-0.366137,0.792972,-3.102381,-0.343955,0.785364,-3.125360,-0.325235,0.787306,-3.138099,0.090161,0.945077,-2.442822,0.059830,0.902851,-2.430784,0.053190,0.868307,-2.423714,0.076693,0.882345,-2.394543,0.062389,0.848646,-2.390029,0.050447,0.826712,-2.399261,0.099671,0.872880,-2.400921,0.088201,0.835459,-2.397497,0.078528,0.815976,-2.412062,0.118682,0.866039,-2.407230,0.108936,0.829878,-2.406117,0.100574,0.816925,-2.423124,0.136075,0.861973,-2.419854,0.127155,0.830412,-2.421327,0.118486,0.813675,-2.434036,,,
11,0.367,-0.150391,0.916104,-2.763323,-0.270278,0.912718,-2.764382,-0.030503,0.919491,-2.762264,-0.291062,0.542356,-2.516929,-0.005107,0.503743,-2.921454,-0.288518,0.136985,-2.422426,0.016050,0.204103,-3.209606,-0.153714,1.033289,-2.761791,-0.160538,1.247446,-2.754299,-0.174419,1.489409,-2.741653,-0.186805,1.588286,-2.712133,-0.206638,1.435680,-2.748653,-0.136763,1.439080,-2.736919,-0.341520,1.373196,-2.763953,0.000135,1.392033,-2.702777,-0.363936,1.104016,-2.870860,0.106835,1.139131,-2.605620,-0.396626,0.831082,-2.937147,0.104161,0.921546,-2.425037,-0.311800,0.049283,-2.267984,0.043314,0.045015,-3.131928,,,,,,,,,,-0.383624,0.812596,-2.926525,-0.352115,0.771254,-2.938612,-0.334610,0.745006,-2.955692,-0.368263,0.742948,-2.963414,-0.344860,0.724067,-2.984778,-0.323577,0.718188,-2.999653,-0.379226,0.752149,-2.984708,-0.353867,0.737862,-3.011100,-0.333709,0.734811,-3.027515,-0.388249,0.761031,-3.001669,-0.364660,0.748656,-3.028017,-0.346244,0.749197,-3.041716,-0.394318,0.775971,-3.016446,-0.372570,0.766885,-3.039302,-0.354011,0.767868,-3.052382,0.082517,0.918201,-2.413039,0.051316,0.876473,-2.401496,0.043633,0.842050,-2.394910,0.067924,0.855009,-2.365695,0.053294,0.821554,-2.360468,0.040890,0.799655,-2.369159,0.090647,0.845138,-2.372366,0.078652,0.807916,-2.368590,0.068473,0.788453,-2.382833,0.109463,0.837978,-2.378900,0.099300,0.801937,-2.377597,0.090604,0.789031,-2.394471,0.126687,0.833730,-2.391694,0.117458,0.802268,-2.393368,0.108552,0.785653,-2.406074,,,
12,0.400,-0.161567,0.913427,-2.702161,-0.281442,0.910655,-2.704965,-0.041691,0.916199,-2.699358,-0.311498,0.553715,-2.439403,0.006182,0.486625,-2.808933,-0.295796,0.138261,-2.419046,0.024513,0.229932,-3.136097,-0.164281,1.030637,-2.701973,-0.171757,1.244825,-2.696185,-0.185685,1.486952,-2.687283,-0.199374,1.586164,-2.659514,-0.217902,1.433112,-2.693383,-0.148006,1.436713,-2.681836,-0.352578,1.369574,-2.705903,-0.011049,1.389598,-2.648024,-0.383977,1.096059,-2.798603,0.093753,1.128818,-2.571905,-0.421279,0.819151,-2.842029,0.103817,0.896188,-2.411460,-0.321698,0.050841,-2.264861,0.042955,0.051946,-3.127896,,,,,,,,,,-0.408263,0.801762,-2.829706,-0.377257,0.759092,-2.837821,-0.360759,0.731231,-2.853272,-0.393990,0.728489,-2.859284,-0.371279,0.707287,-2.879165,-0.350422,0.699670,-2.893855,-0.405197,0.735505,-2.881271,-0.380316,0.718321,-2.906360,-0.360417,0.713398,-2.922635,-0.414402,0.742641,-2.898944,-0.391408,0.727221,-2.924189,-0.373230,0.726053,-2.938164,-0.420575,0.756003,-2.915123,-0.398914,0.744093,-2.936732,-0.380350,0.743306,-2.949817,0.082505,0.892215,-2.399065,0.051579,0.849932,-2.388878,0.043471,0.815349,-2.383815,0.069134,0.826622,-2.354720,0.054801,0.792897,-2.350503,0.042206,0.771331,-2.359734,0.091653,0.817119,-2.362520,0.079948,0.779709,-2.359865,0.069399,0.760721,-2.374476,0.110274,0.810315,-2.369934,0.100238,0.774216,-2.370016,0.091085,0.762055,-2.387199,0.127136,0.806747,-2.383400,0.117927,0.775375,-2.386362,0.108707,0.759342,-2.399580,,,
13,0.433,-0.171886,0.914954,-2.642255,-0.291713,0.912681,-2.646933,-0.052058,0.917227,-2.637578,-0.326164,0.552334,-2.386558,0.013936,0.477643,-2.672837,-0.300252,0.137914,-2.415680,0.027567,0.269096,-3.032818,-0.174072,1.032172,-2.643210,-0.180717,1.246409,-2.638322,-0.193982,1.488607,-2.630375,-0.208172,1.587825,-2.602883,-0.226392,1.434816,-2.635850,-0.156357,1.438305,-2.625138,-0.360921,1.370382,-2.644877,-0.019179,1.390457,-2.593312,-0.401569,1.092885,-2.720594,0.081523,1.122816,-2.538437,-0.441462,0.813377,-2.736047,0.099989,0.877532,-2.398954,-0.327674,0.050556,-2.261724,0.046997,0.095628,-3.073040,,,,,,,,,,-0.428677,0.797138,-2.722029,-0.398744,0.753113,-2.725743,-0.384029,0.723573,-2.739814,-0.416441,0.720749,-2.743537,-0.394925,0.696566,-2.761225,-0.374673,0.686506,-2.775277,-0.427777,0.725579,-2.766041,-0.403729,0.705021,-2.789339,-0.384209,0.697762,-2.805193,-0.437053,0.730954,-2.784291,-0.415155,0.711877,-2.807962,-0.397338,0.708426,-2.822024,-0.443139,0.742607,-2.801771,-0.421871,0.727628,-2.821804,-0.403387,0.724755,-2.834710,0.079029,0.872807,-2.386227,0.048180,0.830046,-2.377998,0.040420,0.795134,-2.375115,0.066601,0.804418,-2.346027,0.052201,0.770519,-2.344000,0.039262,0.749759,-2.354512,0.088827,0.795382,-2.355116,0.077127,0.757879,-2.354586,0.066107,0.739891,-2.370087,0.107183,0.789027,-2.363523,0.096968,0.753050,-2.365801,0.087261,0.742124,-2.383502,0.123621,0.786316,-2.377694,0.114240,0.755199,-2.382336,0.104581,0.740030,-2.396243,,,
14,0.467,-0.180808,0.919859,-2.583927,-0.300515,0.918283,-2.591241,-0.061102,0.921436,-2.576614,-0.335746,0.546399,-2.347737,0.008660,0.482799,-2.537075,-0.304190,0.136077,-2.410211,0.020673,0.296948,-2.909336,-0.182231,1.037076,-2.585912,-0.187390,1.251363,-2.581445,-0.197957,1.493633,-2.571839,-0.211068,1.592749,-2.543453,-0.231061,1.440198,-2.576605,-0.160702,1.442932,-2.568010,-0.365654,1.375453,-2.581516,-0.023091,1.393645,-2.540546,-0.414326,1.094614,-2.637645,0.070164,1.120671,-2.500890,-0.454913,0.815242,-2.621547,0.097381,0.865560,-2.381985,-0.333483,0.049205,-2.256323,0.058215,0.127334,-2.953015,,,,,,,,,,-0.442206,0.800211,-2.606178,-0.413102,0.755479,-2.605961,-0.399673,0.724523,-2.618150,-0.431622,0.721872,-2.620271,-0.411190,0.695221,-2.635533,-0.391510,0.683023,-2.648674,-0.443206,0.724696,-2.642989,-0.420132,0.701162,-2.664377,-0.401095,0.691748,-2.679677,-0.452658,0.728438,-2.661554,-0.431735,0.706345,-2.683414,-0.414280,0.700917,-2.697305,-0.458799,0.738443,-2.680009,-0.438166,0.721084,-2.698741,-0.419954,0.716542,-2.711554,0.076740,0.859941,-2.369102,0.046023,0.816705,-2.363174,0.039471,0.781430,-2.362886,0.065193,0.788852,-2.333595,0.050737,0.754919,-2.333937,0.037509,0.735085,-2.345794,0.087166,0.780486,-2.343866,0.075419,0.743046,-2.345831,0.063996,0.726279,-2.362375,0.105291,0.774746,-2.353167,0.094984,0.739027,-2.357842,0.084836,0.729442,-2.376065,0.121361,0.773053,-2.367908,0.112051,0.742252,-2.374420,0.102140,0.727993,-2.389091,,,
15,0.500,-0.187651,0.928342,-2.526842,-0.307204,0.927509,-2.536425,-0.068097,0.929176,-2.517260,-0.338172,0.538007,-2.321572,-0.001450,0.501701,-2.409297,-0.306032,0.131729,-2.406243,0.007872,0.300178,-2.773391,-0.188239,1.045548,-2.529703,-0.191887,1.259868,-2.525287,-0.199646,1.502134,-2.513226,-0.210166,1.601193,-2.483591,-0.233455,1.449048,-2.516782,-0.162735,1.451062,-2.511648,-0.368079,1.384206,-2.514941,-0.024426,1.400236,-2.491454,-0.421935,1.100766,-2.548864,0.061779,1.123207,-2.466810,-0.458235,0.824881,-2.498615,0.101314,0.860741,-2.369294,-0.336337,0.044503,-2.252753,0.052086,0.128077,-2.796031,,,,,,,,,,-0.444914,0.811476,-2.482289,-0.416237,0.766632,-2.478463,-0.403680,0.734319,-2.487698,-0.435746,0.731909,-2.488001,-0.416354,0.703253,-2.500784,-0.397433,0.689208,-2.513175,-0.448419,0.732348,-2.510305,-0.426746,0.706090,-2.529916,-0.408619,0.694631,-2.544921,-0.458747,0.734131,-2.528694,-0.438971,0.709634,-2.549005,-0.422217,0.702603,-2.563040,-0.465708,0.742101,-2.547836,-0.446236,0.722707,-2.565797,-0.428774,0.716730,-2.579059,0.081598,0.853791,-2.355634,0.051885,0.809687,-2.351168,0.046779,0.774248,-2.353490,0.073240,0.780016,-2.325056,0.059392,0.745867,-2.326689,0.045737,0.726577,-2.338953,0.094632,0.772848,-2.337274,0.083213,0.735475,-2.341332,0.070952,0.719828,-2.358365,0.112211,0.768157,-2.348089,0.102255,0.732638,-2.354659,0.091138,0.724160,-2.372866,0.127345,0.767876,-2.363878,0.118381,0.737428,-2.372266,0.107942,0.724109,-2.387446,,,
16,0.533,-0.191413,0.939215,-2.470965,-0.310885,0.939113,-2.481554,-0.071942,0.939318,-2.460376,-0.333239,0.530856,-2.303623,-0.007129,0.530258,-2.295143,-0.305272,0.127312,-2.401773,-0.005749,0.291954,-2.636424,-0.191207,1.056406,-2.474432,-0.193915,1.270741,-2.470124,-0.199692,1.513002,-2.456888,-0.207200,1.612025,-2.426236,-0.233931,1.460104,-2.458724,-0.163025,1.461734,-2.457528,-0.368540,1.396061,-2.448228,-0.024243,1.409497,-2.446077,-0.425216,1.111353,-2.459131,0.056676,1.129839,-2.440857,-0.449687,0.842760,-2.374196,0.108673,0.861626,-2.367931,-0.334790,0.040125,-2.248107,0.029645,0.116506,-2.629269,,,,,,,,,,-0.434927,0.831413,-2.357552,-0.405976,0.787124,-2.350601,-0.393662,0.753860,-2.355987,-0.426233,0.751676,-2.353806,-0.407673,0.721614,-2.364409,-0.389713,0.706094,-2.376466,-0.440878,0.749392,-2.374748,-0.420900,0.720747,-2.392750,-0.404122,0.707384,-2.407751,-0.452834,0.748918,-2.392208,-0.434486,0.722398,-2.411281,-0.418901,0.713940,-2.425865,-0.461511,0.754448,-2.411508,-0.443809,0.732877,-2.428809,-0.427678,0.725256,-2.442887,0.090755,0.853025,-2.352811,0.062177,0.808103,-2.349177,0.057290,0.772932,-2.354328,0.086712,0.776552,-2.328662,0.073550,0.742182,-2.331117,0.058891,0.723409,-2.343019,0.106593,0.770999,-2.343899,0.095166,0.733888,-2.349884,0.081128,0.719502,-2.366655,0.122830,0.767700,-2.357071,0.112829,0.732577,-2.365451,0.099799,0.725337,-2.382908,0.136015,0.769210,-2.374457,0.126785,0.739411,-2.384686,0.114966,0.727262,-2.399835,,,
17,0.567,-0.191394,0.951632,-2.415179,-0.310820,0.952355,-2.426243,-0.071967,0.950909,-2.404114,-0.325737,0.528000,-2.290109,-0.013330,0.563718,-2.190859,-0.303554,0.126679,-2.398336,-0.017335,0.281123,-2.496453,-0.190332,1.068808,-2.418970,-0.193459,1.283154,-2.415574,-0.196682,1.525482,-2.402709,-0.201258,1.624487,-2.371426,-0.231376,1.472850,-2.402647,-0.160492,1.473927,-2.405087,-0.365983,1.410795,-2.383629,-0.021982,1.419851,-2.401746,-0.425354,1.126644,-2.372528,0.052850,1.138868,-2.417003,-0.432210,0.869883,-2.254285,0.110765,0.866410,-2.368290,-0.332032,0.039906,-2.244240,0.010333,0.110735,-2.448614,,,,,,,,,,-0.415411,0.860816,-2.238183,-0.385061,0.817871,-2.229094,-0.371704,0.784604,-2.230533,-0.404917,0.782250,-2.225339,-0.386861,0.751262,-2.233958,-0.369939,0.734492,-2.245842,-0.421858,0.777247,-2.243947,-0.403536,0.746591,-2.260327,-0.388341,0.731465,-2.275340,-0.435755,0.774494,-2.259672,-0.419012,0.746043,-2.277391,-0.404970,0.736053,-2.292562,-0.446718,0.777467,-2.278364,-0.430949,0.753795,-2.294763,-0.416519,0.744419,-2.309608,0.094734,0.856625,-2.351831,0.065453,0.812106,-2.348893,0.058725,0.777758,-2.356786,0.091454,0.778152,-2.335133,0.077381,0.744253,-2.338790,0.060842,0.726772,-2.350183,0.108958,0.773837,-2.353389,0.095734,0.737688,-2.361263,0.079157,0.725234,-2.377244,0.123196,0.771618,-2.368892,0.111347,0.737567,-2.379090,0.095949,0.732180,-2.395241,0.134010,0.774675,-2.387657,0.122884,0.746144,-2.399491,0.108964,0.735635,-2.414071,,,
18,0.600,-0.190789,0.962847,-2.358701,-0.310131,0.964415,-2.370553,-0.071446,0.961278,-2.346848,-0.317583,0.527467,-2.281933,-0.019240,0.597718,-2.094003,-0.301313,0.128423,-2.399247,-0.024453,0.267338,-2.347154,-0.188881,1.080014,-2.362410,-0.192339,1.294361,-2.359404,-0.192274,1.536711,-2.346535,-0.193793,1.635613,-2.314638,-0.227506,1.484465,-2.344804,-0.156808,1.484759,-2.350594,-0.361940,1.424782,-2.318407,-0.019180,1.428530,-2.354721,-0.424321,1.142768,-2.287320,0.048670,1.147675,-2.390786,-0.406875,0.902684,-2.138960,0.107504,0.872294,-2.365016,-0.328568,0.040886,-2.245362,0.001253,0.116023,-2.254800,,,,,,,,,,-0.387753,0.896298,-2.124223,-0.354299,0.855953,-2.114167,-0.338877,0.823582,-2.112978,-0.371640,0.820357,-2.103707,-0.353032,0.789220,-2.110400,-0.336697,0.771687,-2.122002,-0.390478,0.812476,-2.119240,-0.372737,0.780635,-2.133908,-0.358722,0.764251,-2.148749,-0.406060,0.807294,-2.132595,-0.390240,0.777295,-2.148518,-0.377675,0.765854,-2.163956,-0.419403,0.807533,-2.149924,-0.404691,0.782462,-2.165187,-0.391788,0.771751,-2.180526,0.092889,0.861674,-2.347775,0.061340,0.818682,-2.345703,0.051574,0.785757,-2.356093,0.086518,0.782154,-2.338630,0.070048,0.749567,-2.343865,0.051247,0.734232,-2.354835,0.101477,0.778885,-2.359217,0.085119,0.744507,-2.368919,0.066026,0.734688,-2.383898,0.113653,0.777578,-2.376481,0.098538,0.745448,-2.388443,0.081055,0.742596,-2.403044,0.122396,0.782032,-2.396029,0.108257,0.755473,-2.409165,0.092137,0.747238,-2.422917,,,
19,0.633,-0.190350,0.969824,-2.303445,-0.309585,0.972133,-2.316223,-0.071115,0.967516,-2.290666,-0.309117,0.528096,-2.275433,-0.024171,0.626699,-2.006989,-0.299263,0.131330,-2.400906,-0.027699,0.252259,-2.188774,-0.187751,1.086997,-2.306522,-0.191470,1.301314,-2.302046,-0.187639,1.543535,-2.287455,-0.186203,1.642184,-2.254775,-0.223441,1.491734,-2.284508,-0.153078,1.491167,-2.293484,-0.357495,1.434423,-2.251702,-0.016648,1.433113,-2.305185,-0.424315,1.155817,-2.203705,0.043661,1.154127,-2.362744,-0.374591,0.937408,-2.031136,0.099711,0.877007,-2.357893,-0.325167,0.043378,-2.247025,0.000059,0.132881,-2.058142,,,,,,,,,,-0.353610,0.933965,-2.018036,-0.316934,0.896891,-2.006707,-0.299272,0.865897,-2.002884,-0.330885,0.862383,-1.989626,-0.311220,0.831463,-1.993851,-0.295142,0.813162,-2.004593,-0.350833,0.851612,-2.001641,-0.332907,0.818788,-2.013680,-0.319613,0.801059,-2.027610,-0.367467,0.843956,-2.012255,-0.351825,0.812561,-2.025426,-0.340382,0.799467,-2.040416,-0.382640,0.841206,-2.027767,-0.368292,0.814816,-2.041020,-0.356559,0.802551,-2.056133,0.085938,0.865377,-2.340610,0.052047,0.824157,-2.340193,0.039460,0.793117,-2.353058,0.075395,0.785788,-2.339195,0.056418,0.754994,-2.346419,0.035811,0.742095,-2.357278,0.088366,0.783975,-2.361256,0.069076,0.751828,-2.373007,0.048219,0.744789,-2.387176,0.098967,0.783896,-2.379576,0.080817,0.754193,-2.393439,0.062032,0.753960,-2.406629,0.106324,0.789967,-2.399259,0.089464,0.765794,-2.413723,0.071750,0.759999,-2.426740,,,
20,0.667,-0.188803,0.972706,-2.248858,-0.307965,0.975718,-2.262151,-0.069639,0.969696,-2.235565,-0.303971,0.529835,-2.264503,-0.032899,0.643530,-1.933739,-0.297476,0.137017,-2.402035,-0.025963,0.237572,-2.025465,-0.185639,1.089892,-2.250668,-0.190301,1.304127,-2.243807,-0.182035,1.546065,-2.226585,-0.178188,1.644365,-2.193062,-0.218494,1.494784,-2.222727,-0.148590,1.493252,-2.234678,-0.352023,1.439954,-2.184061,-0.013609,1.433860,-2.253996,-0.424829,1.166000,-2.120516,0.038035,1.158270,-2.332522,-0.340742,0.971437,-1.933353,0.088925,0.880452,-2.346234,-0.322006,0.048581,-2.248206,0.002505,0.150725,-1.871408,,,,,,,,,,-0.318434,0.970595,-1.922162,-0.279428,0.936617,-1.909044,-0.259997,0.907252,-1.902168,-0.290274,0.905028,-1.885343,-0.269953,0.874277,-1.886774,-0.254354,0.854867,-1.896194,-0.310910,0.892042,-1.893331,-0.292957,0.858123,-1.901756,-0.280401,0.838676,-1.913973,-0.328228,0.882424,-1.900786,-0.312794,0.849633,-1.910288,-0.302409,0.834515,-1.924098,-0.344771,0.876888,-1.913978,-0.330681,0.849026,-1.924133,-0.319957,0.834711,-1.938154,0.075868,0.867476,-2.329359,0.040297,0.827725,-2.330951,0.025441,0.798786,-2.346092,0.061942,0.788661,-2.335833,0.040916,0.759810,-2.345111,0.018984,0.749186,-2.355839,0.073279,0.788849,-2.358849,0.051731,0.759038,-2.372655,0.029648,0.754504,-2.385963,0.082587,0.790428,-2.377793,0.062061,0.763267,-2.393440,0.042409,0.765295,-2.405129,0.088839,0.798385,-2.397183,0.069798,0.776688,-2.412818,0.050925,0.773093,-2.424971,,,
21,0.700,-0.187051,0.972263,-2.192465,-0.306051,0.977745,-2.206417,-0.068052,0.966782,-2.178514,-0.304037,0.534272,-2.252903,-0.047181,0.636645,-1.879505,-0.298301,0.146051,-2.402953,-0.023328,0.221208,-1.869179,-0.181661,1.089381,-2.192433,-0.188648,1.303494,-2.183925,-0.175214,1.544979,-2.163830,-0.169544,1.642842,-2.129303,-0.212449,1.494319,-2.159251,-0.143095,1.491685,-2.173903,-0.345263,1.442054,-2.114975,-0.009869,1.431087,-2.200344,-0.424793,1.174384,-2.034865,0.031732,1.159732,-2.297398,-0.311000,1.001509,-1.842199,0.076150,0.882089,-2.327428,-0.321445,0.055765,-2.249987,0.004824,0.169451,-1.700019,,,,,,,,,,-0.287770,1.002724,-1.833113,-0.246950,0.971724,-1.818257,-0.225871,0.944391,-1.808473,-0.254885,0.944373,-1.788826,-0.234096,0.913971,-1.786785,-0.218932,0.893347,-1.794099,-0.275833,0.930063,-1.792661,-0.257816,0.895384,-1.796721,-0.245853,0.874254,-1.806494,-0.293510,0.919193,-1.796827,-0.278176,0.885400,-1.801990,-0.268663,0.868252,-1.813929,-0.311024,0.911411,-1.807366,-0.296994,0.882441,-1.813833,-0.287047,0.866098,-1.826100,0.063910,0.867759,-2.311043,0.026900,0.829428,-2.314028,0.009766,0.802676,-2.330706,0.046693,0.790513,-2.324617,0.023670,0.763767,-2.335349,0.000524,0.755333,-2.345453,0.056302,0.792838,-2.348293,0.032644,0.765410,-2.363513,0.009489,0.763061,-2.375497,0.064238,0.796169,-2.367630,0.041463,0.771598,-2.384406,0.021089,0.775546,-2.394218,0.069329,0.805972,-2.386508,0.048306,0.786651,-2.402711,0.028439,0.784868,-2.413616,,,
22,0.733,-0.185623,0.967712,-2.133865,-0.304376,0.975432,-2.148817,-0.066869,0.959991,-2.118914,-0.305727,0.536944,-2.229805,-0.055791,0.610409,-1.842325,-0.299297,0.158169,-2.402291,-0.023688,0.206011,-1.749072,-0.178286,1.084704,-2.131731,-0.186596,1.298736,-2.122400,-0.169515,1.539831,-2.100482,-0.162824,1.637382,-2.065261,-0.207245,1.489598,-2.095294,-0.138380,1.486240,-2.111969,-0.338675,1.438221,-2.046119,-0.006619,1.425290,-2.144284,-0.423772,1.177962,-1.949097,0.026196,1.158055,-2.255156,-0.283095,1.025101,-1.757267,0.065321,0.881284,-2.297904,-0.321768,0.064888,-2.251031,0.003131,0.190613,-1.572636,,,,,,,,,,-0.259592,1.028292,-1.749453,-0.217444,1.001055,-1.731296,-0.194691,0.976691,-1.718035,-0.223571,0.978866,-1.697423,-0.201862,0.949849,-1.690539,-0.186289,0.928612,-1.694444,-0.244253,0.963693,-1.697974,-0.225405,0.929259,-1.696313,-0.213137,0.906982,-1.702508,-0.261773,0.951922,-1.699555,-0.245701,0.918080,-1.699101,-0.236096,0.899270,-1.708102,-0.279443,0.942130,-1.707937,-0.264758,0.912821,-1.709744,-0.254717,0.894819,-1.719315,0.053840,0.865824,-2.282005,0.015580,0.828802,-2.285669,-0.003584,0.804046,-2.303199,0.033404,0.790548,-2.301069,0.008593,0.765765,-2.312506,-0.015538,0.759164,-2.321620,0.041390,0.794776,-2.325083,0.015876,0.769484,-2.340988,-0.008115,0.768859,-2.351446,0.048043,0.799653,-2.344575,0.023287,0.777396,-2.361770,0.002415,0.782804,-2.369648,0.052085,0.810999,-2.362832,0.029320,0.793745,-2.379014,0.008664,0.793403,-2.388500,,,
23,0.767,-0.185302,0.958407,-2.072473,-0.303912,0.967238,-2.087942,-0.066692,0.949576,-2.057004,-0.302687,0.539188,-2.212859,-0.053890,0.569882,-1.823548,-0.300595,0.165784,-2.396785,-0.027639,0.187114,-1.662108,-0.177163,1.075286,-2.068152,-0.183717,1.289297,-2.057104,-0.165072,1.530150,-2.033848,-0.157896,1.627575,-1.998375,-0.202964,1.480069,-2.028381,-0.134399,1.476487,-2.046204,-0.333209,1.428669,-1.976173,-0.003651,1.415979,-2.083137,-0.422572,1.175860,-1.864407,0.022511,1.152018,-2.203236,-0.262838,1.037417,-1.676595,0.058183,0.876530,-2.256095,-0.322005,0.069372,-2.247345,-0.007301,0.188490,-1.484146,,,,,,,,,,-0.239496,1.042812,-1.669546,-0.196148,1.020588,-1.647749,-0.171606,1.000237,-1.631297,-0.201240,1.003622,-1.610824,-0.178118,0.977464,-1.598919,-0.161373,0.956766,-1.599006,-0.221218,0.987642,-1.608877,-0.200819,0.954890,-1.601465,-0.187485,0.932492,-1.603834,-0.238191,0.975002,-1.608496,-0.220632,0.942475,-1.602375,-0.210136,0.922875,-1.608099,-0.255409,0.963263,-1.615137,-0.239504,0.934688,-1.612229,-0.228685,0.915810,-1.618790,0.047362,0.859910,-2.240918,0.008362,0.823770,-2.245483,-0.012232,0.800771,-2.263767,0.024675,0.786757,-2.265032,-0.001296,0.763507,-2.277096,-0.026045,0.758153,-2.285329,0.031372,0.792911,-2.289023,0.004646,0.769349,-2.305580,-0.019885,0.769895,-2.314705,0.037002,0.799345,-2.308386,0.010909,0.778971,-2.325933,-0.010276,0.785303,-2.332103,0.040199,0.812150,-2.325827,0.016172,0.796635,-2.341947,-0.005027,0.797425,-2.350118,,,
24,0.800,-0.181873,0.944147,-2.013872,-0.300556,0.952324,-2.029135,-0.063189,0.935970,-1.998609,-0.294872,0.536120,-2.189054,-0.053529,0.557487,-1.763048,-0.300962,0.175673,-2.397152,-0.032107,0.170358,-1.611601,-0.174401,1.061063,-2.009336,-0.179039,1.275056,-1.997050,-0.159462,1.515702,-1.972444,-0.151666,1.613086,-1.936989,-0.197456,1.465699,-1.966957,-0.129061,1.462027,-1.985409,-0.327500,1.415041,-1.913537,0.000835,1.401500,-2.025206,-0.419530,1.167430,-1.792669,0.022877,1.139098,-2.149477,-0.252403,1.034574,-1.607270,0.056774,0.864918,-2.209778,-0.321462,0.069465,-2.254374,-0.012068,0.158447,-1.433998,,,,,,,,,,-0.229249,1.041656,-1.601154,-0.184735,1.023651,-1.577868,-0.159530,1.005775,-1.559637,-0.188683,1.010332,-1.539342,-0.164455,0.985993,-1.525880,-0.147060,0.965875,-1.524652,-0.207913,0.993791,-1.535487,-0.186035,0.962686,-1.525609,-0.171827,0.940712,-1.526244,-0.224305,0.980538,-1.533573,-0.205246,0.949458,-1.524940,-0.194013,0.929875,-1.529115,-0.241056,0.967456,-1.538732,-0.223759,0.940078,-1.533326,-0.212129,0.921168,-1.538190,0.046177,0.847206,-2.195720,0.006511,0.812073,-2.202067,-0.015025,0.790945,-2.221488,0.021648,0.776653,-2.225188,-0.005013,0.754831,-2.238360,-0.030071,0.750478,-2.246243,0.027691,0.784740,-2.248775,0.000266,0.762875,-2.266479,-0.024504,0.764381,-2.274814,0.032816,0.792724,-2.267696,0.005957,0.774201,-2.286119,-0.015314,0.781249,-2.291101,0.035665,0.806923,-2.284087,0.010995,0.793045,-2.300718,-0.010418,0.794670,-2.308178,,,
25,0.833,-0.177266,0.931072,-1.954512,-0.296222,0.936204,-1.968961,-0.058311,0.925940,-1.940063,-0.285151,0.526708,-2.145093,-0.053933,0.563970,-1.679695,-0.298304,0.185688,-2.383412,-0.036044,0.162743,-1.570332,-0.172494,1.048194,-1.952202,-0.175484,1.262265,-1.940780,-0.154449,1.502823,-1.916528,-0.145322,1.600313,-1.881689,-0.192698,1.453040,-1.910818,-0.124407,1.448964,-1.929568,-0.323249,1.403958,-1.857164,0.004524,1.386851,-1.970052,-0.418612,1.156968,-1.737616,0.026076,1.122979,-2.091257,-0.257128,1.021369,-1.549227,0.059758,0.848880,-2.152050,-0.320047,0.062830,-2.254886,-0.012123,0.120652,-1.397872,,,,,,,,,,-0.234093,1.028673,-1.542926,-0.189860,1.011352,-1.518609,-0.165916,0.992993,-1.499197,-0.194326,0.998847,-1.479867,-0.170435,0.974019,-1.466698,-0.153379,0.953601,-1.465695,-0.213549,0.982315,-1.475939,-0.191774,0.951163,-1.465981,-0.177632,0.929146,-1.466559,-0.229918,0.969041,-1.473981,-0.210876,0.938007,-1.465144,-0.199614,0.918417,-1.469202,-0.246543,0.955783,-1.479102,-0.229007,0.928668,-1.473163,-0.217133,0.909816,-1.477644,0.048803,0.830598,-2.139035,0.008563,0.796571,-2.147453,-0.013421,0.776833,-2.167813,0.023176,0.762241,-2.172476,-0.003751,0.741650,-2.187018,-0.028819,0.738142,-2.195280,0.029449,0.771527,-2.195556,0.001885,0.751026,-2.214623,-0.022802,0.753271,-2.223038,0.034784,0.780466,-2.213985,0.007818,0.763350,-2.233576,-0.013329,0.770917,-2.238318,0.037941,0.795507,-2.229548,0.013145,0.782879,-2.246970,-0.008211,0.785123,-2.254433,,,
26,0.867,-0.173067,0.922150,-1.891635,-0.292200,0.925428,-1.905131,-0.053934,0.918873,-1.878140,-0.287760,0.514439,-2.078049,-0.045226,0.565954,-1.605734,-0.294168,0.204380,-2.355692,-0.037377,0.153739,-1.548458,-0.170022,1.039342,-1.890052,-0.170724,1.253497,-1.879918,-0.150148,1.494390,-1.858791,-0.138560,1.592059,-1.825206,-0.188216,1.444582,-1.852168,-0.120064,1.440453,-1.871403,-0.318762,1.396139,-1.797923,0.008157,1.376773,-1.911708,-0.414383,1.143936,-1.690033,0.035988,1.108714,-2.021950,-0.266698,0.998563,-1.497651,0.074439,0.833303,-2.073243,-0.321589,0.056068,-2.259060,-0.017808,0.085516,-1.383993,,,,,,,,,,-0.244186,1.005635,-1.489475,-0.201867,0.987540,-1.462462,-0.180749,0.967474,-1.441521,-0.209174,0.973978,-1.424516,-0.186400,0.948623,-1.410406,-0.169543,0.928080,-1.408792,-0.228640,0.957390,-1.422473,-0.207746,0.925744,-1.412193,-0.193704,0.903659,-1.412605,-0.245114,0.944106,-1.422092,-0.226931,0.912723,-1.412699,-0.215484,0.893174,-1.416431,-0.261322,0.931036,-1.428788,-0.244222,0.903707,-1.422565,-0.232046,0.884994,-1.426809,0.062907,0.814848,-2.060993,0.022924,0.781132,-2.071600,0.001442,0.761657,-2.092733,0.038418,0.747170,-2.096596,0.011582,0.727492,-2.112508,-0.013242,0.724668,-2.121715,0.045646,0.756819,-2.119244,0.018649,0.736986,-2.139773,-0.005667,0.739623,-2.149104,0.051748,0.766046,-2.137290,0.025237,0.749648,-2.158077,0.004340,0.757529,-2.163382,0.055580,0.781335,-2.152454,0.031029,0.769182,-2.170547,0.009858,0.771683,-2.178440,,,
27,0.900,-0.165693,0.918399,-1.829951,-0.285022,0.920644,-1.841826,-0.046363,0.916153,-1.818076,-0.307538,0.495580,-1.974665,-0.031167,0.563660,-1.545404,-0.295601,0.226775,-2.292257,-0.034905,0.147553,-1.535170,-0.163620,1.035615,-1.828622,-0.164413,1.249827,-1.819791,-0.142482,1.490820,-1.801336,-0.128729,1.588581,-1.768853,-0.180706,1.441264,-1.793790,-0.112791,1.436615,-1.813730,-0.311563,1.394402,-1.738909,0.014051,1.370212,-1.854003,-0.406987,1.134426,-1.651177,0.048014,1.097182,-1.949317,-0.282188,0.967439,-1.460139,0.089555,0.819525,-1.983100,-0.320052,0.051845,-2.262465,-0.015153,0.065543,-1.377150,,,,,,,,,,-0.260620,0.973384,-1.449042,-0.221965,0.952489,-1.418757,-0.204669,0.929857,-1.396945,-0.233763,0.936684,-1.382865,-0.213403,0.909774,-1.367969,-0.197347,0.888646,-1.365821,-0.253636,0.920505,-1.384130,-0.234744,0.887660,-1.373736,-0.221231,0.865247,-1.374063,-0.270287,0.907654,-1.386487,-0.253951,0.875248,-1.377174,-0.242556,0.855654,-1.380828,-0.285871,0.895467,-1.395816,-0.270021,0.867334,-1.389874,-0.257780,0.848667,-1.394139,0.077057,0.801455,-1.971229,0.037489,0.767881,-1.983681,0.017402,0.748236,-2.005996,0.054209,0.733227,-2.006872,0.027151,0.714830,-2.023901,0.002687,0.713196,-2.034285,0.062993,0.742299,-2.029206,0.036458,0.723192,-2.050987,0.012798,0.726625,-2.061650,0.070351,0.751064,-2.047011,0.044172,0.735327,-2.068711,0.023809,0.743842,-2.075019,0.075321,0.765973,-2.062223,0.051132,0.753931,-2.080870,0.030298,0.756886,-2.089473,,,
28,0.933,-0.158843,0.918216,-1.771035,-0.278378,0.920172,-1.780679,-0.039307,0.916260,-1.761390,-0.329426,0.482094,-1.846364,-0.018237,0.555855,-1.499672,-0.308014,0.263856,-2.200168,-0.033117,0.141019,-1.530545,-0.157041,1.035435,-1.769593,-0.158983,1.249646,-1.760897,-0.138549,1.490825,-1.743175,-0.124124,1.588639,-1.711148,-0.176487,1.441063,-1.735546,-0.108505,1.436762,-1.755336,-0.307520,1.394064,-1.681203,0.018030,1.369346,-1.794887,-0.397818,1.126545,-1.612866,0.060352,1.092322,-1.873945,-0.299826,0.931487,-1.433131,0.106034,0.813468,-1.884635,-0.323336,0.087858,-2.229759,-0.010818,0.056073,-1.374426,,,,,,,,,,-0.279598,0.935340,-1.419002,-0.245396,0.909772,-1.386993,-0.231479,0.884196,-1.366033,-0.261810,0.890603,-1.354738,-0.244292,0.861388,-1.340589,-0.229281,0.839465,-1.338900,-0.281794,0.875443,-1.360128,-0.265378,0.840897,-1.351139,-0.252631,0.818064,-1.352252,-0.298366,0.863582,-1.365845,-0.284122,0.829744,-1.358372,-0.272889,0.810217,-1.362801,-0.313026,0.853104,-1.378242,-0.298891,0.823786,-1.373928,-0.286831,0.805183,-1.378926,0.093484,0.795977,-1.871978,0.055550,0.760283,-1.883594,0.037535,0.738505,-1.905697,0.074374,0.724497,-1.903172,0.047658,0.705203,-1.919741,0.023497,0.703087,-1.930731,0.083989,0.732094,-1.925713,0.058171,0.711595,-1.947086,0.034888,0.714396,-1.958720,0.091965,0.739689,-1.943788,0.066402,0.722390,-1.965028,0.046189,0.730375,-1.972419,0.097255,0.753531,-1.959876,0.073655,0.739749,-1.978068,0.052977,0.741852,-1.987277,,,
29,0.967,-0.153626,0.921812,-1.715994,-0.273366,0.923496,-1.722709,-0.033886,0.920129,-1.709279,-0.335703,0.482102,-1.711871,-0.009019,0.547226,-1.466055,-0.315502,0.294195,-2.082743,-0.030292,0.135843,-1.525849,-0.152066,1.039033,-1.714416,-0.155294,1.253142,-1.703796,-0.137675,1.494291,-1.682930,-0.123864,1.591898,-1.650013,-0.175297,1.444085,-1.676783,-0.106812,1.440658,-1.694940,-0.307115,1.395185,-1.626145,0.020504,1.373482,-1.732337,-0.389264,1.121589,-1.573357,0.069469,1.093697,-1.796417,-0.324294,0.895372,-1.416641,0.117290,0.815323,-1.782938,-0.333341,0.121757,-2.127831,-0.005501,0.051276,-1.369900,,,,,,,,,,-0.305103,0.895392,-1.400662,-0.274636,0.862444,-1.371779,-0.263039,0.832945,-1.354973,-0.294334,0.838556,-1.344972,-0.279126,0.806250,-1.335718,-0.265188,0.783629,-1.337397,-0.314445,0.825805,-1.354522,-0.300377,0.789254,-1.351384,-0.288645,0.766334,-1.356089,-0.330994,0.816160,-1.363528,-0.318742,0.780787,-1.361991,-0.308015,0.761903,-1.369438,-0.345053,0.809007,-1.378679,-0.332985,0.778481,-1.379372,-0.321647,0.760395,-1.387174,0.105966,0.798657,-1.768185,0.070505,0.759387,-1.775143,0.054016,0.734011,-1.794417,0.091667,0.722870,-1.790537,0.065620,0.700612,-1.804201,0.041407,0.696204,-1.814362,0.100713,0.728368,-1.813908,0.075479,0.704578,-1.832371,0.051916,0.705168,-1.843761,0.108131,0.734284,-1.832828,0.083132,0.713495,-1.851449,0.062438,0.719662,-1.859240,0.112450,0.746444,-1.850488,0.089385,0.729450,-1.866520,0.068496,0.729407,-1.875489,,,
30,1.000,-0.150833,0.929941,-1.662217,-0.270671,0.931235,-1.666992,-0.030995,0.928647,-1.657442,-0.335700,0.497146,-1.588443,-0.008696,0.539117,-1.441567,-0.312128,0.304069,-1.956450,-0.028781,0.130664,-1.519197,-0.149637,1.047164,-1.660453,-0.153328,1.261147,-1.647673,-0.138178,1.501999,-1.621989,-0.126271,1.599201,-1.587185,-0.175746,1.451500,-1.618476,-0.106455,1.448738,-1.633406,-0.309192,1.400232,-1.574942,0.022843,1.382619,-1.665504,-0.383201,1.121717,-1.538315,0.077557,1.100727,-1.713747,-0.353190,0.870393,-1.412255,0.124141,0.824656,-1.674061,-0.335431,0.128334,-1.982146,-0.002964,0.046315,-1.363297,,,,,,,,,,-0.334417,0.865319,-1.396589,-0.306179,0.824540,-1.376897,-0.295919,0.791335,-1.367992,-0.327583,0.795534,-1.357460,-0.313742,0.761344,-1.357257,-0.300630,0.739490,-1.364957,-0.348006,0.786709,-1.370239,-0.335616,0.750085,-1.377232,-0.324821,0.728823,-1.388026,-0.364744,0.780561,-1.381641,-0.354004,0.745593,-1.389741,-0.343927,0.728987,-1.401981,-0.378733,0.778286,-1.398300,-0.368446,0.748401,-1.407191,-0.358008,0.732463,-1.419581,0.114300,0.809730,-1.656625,0.081365,0.767739,-1.656480,0.065771,0.738690,-1.670635,0.104530,0.730704,-1.666971,0.080053,0.704711,-1.676234,0.056055,0.696999,-1.684814,0.112635,0.733172,-1.691189,0.088670,0.705256,-1.704973,0.064857,0.702550,-1.715505,0.119194,0.736620,-1.711015,0.095504,0.711533,-1.725619,0.074284,0.714993,-1.733661,0.122278,0.746228,-1.730421,0.100389,0.725462,-1.743362,0.079474,0.722633,-1.751808,,,
31,1.033,-0.152155,0.942981,-1.608606,-0.272018,0.944046,-1.612749,-0.032291,0.941917,-1.604462,-0.339235,0.523652,-1.480146,-0.018022,0.533563,-1.425924,-0.306515,0.292051,-1.824463,-0.030041,0.126781,-1.513375,-0.151182,1.060203,-1.606640,-0.154320,1.274119,-1.592659,-0.141501,1.514708,-1.563479,-0.132420,1.611565,-1.526902,-0.179029,1.464064,-1.562660,-0.108995,1.461673,-1.573673,-0.314266,1.411093,-1.527501,0.022541,1.396760,-1.598265,-0.381975,1.129054,-1.511394,0.081771,1.113213,-1.627880,-0.379991,0.862027,-1.418401,0.121096,0.841534,-1.560025,-0.327051,0.114133,-1.821390,-0.004793,0.042517,-1.357335,,,,,,,,,,-0.361776,0.852392,-1.404293,-0.335236,0.806937,-1.395491,-0.325605,0.772379,-1.395080,-0.357954,0.774616,-1.384699,-0.344911,0.741203,-1.393304,-0.332115,0.721799,-1.406288,-0.378290,0.770145,-1.399690,-0.366758,0.736314,-1.416007,-0.356303,0.718350,-1.431916,-0.394903,0.767770,-1.412588,-0.384871,0.735898,-1.429538,-0.374925,0.722844,-1.445593,-0.408522,0.770409,-1.429498,-0.399089,0.743599,-1.445935,-0.388928,0.731184,-1.462032,0.111223,0.829389,-1.540566,0.079475,0.786975,-1.534151,0.064892,0.755509,-1.543348,0.103926,0.749470,-1.537861,0.081388,0.720700,-1.542848,0.058172,0.710044,-1.550362,0.112588,0.748159,-1.561976,0.090256,0.717161,-1.571142,0.066883,0.711489,-1.581480,0.119563,0.748491,-1.581957,0.097705,0.719994,-1.592635,0.076634,0.720846,-1.601704,0.122883,0.754854,-1.602619,0.102427,0.731266,-1.612768,0.082029,0.726061,-1.621348,,,
32,1.067,-0.157217,0.958924,-1.556759,-0.277076,0.959797,-1.561080,-0.037358,0.958051,-1.552439,-0.343660,0.553904,-1.388889,-0.031731,0.532448,-1.419539,-0.304015,0.266143,-1.687026,-0.034009,0.125932,-1.509003,-0.156432,1.076148,-1.554844,-0.158657,1.289980,-1.539460,-0.148081,1.530418,-1.508211,-0.142001,1.627104,-1.470577,-0.185444,1.479665,-1.509603,-0.114935,1.477538,-1.517065,-0.322133,1.425825,-1.482241,0.018386,1.413823,-1.533989,-0.385954,1.142534,-1.490169,0.081032,1.129661,-1.544507,-0.404513,0.866694,-1.430811,0.108097,0.864648,-1.449658,-0.323802,0.093179,-1.644860,-0.010726,0.041575,-1.352708,,,,,,,,,,-0.387065,0.853683,-1.418568,-0.361435,0.806882,-1.419432,-0.351490,0.773066,-1.426123,-0.384962,0.773422,-1.417388,-0.371910,0.742000,-1.431631,-0.358616,0.725179,-1.447416,-0.404638,0.772960,-1.433848,-0.392938,0.742961,-1.456362,-0.382026,0.728417,-1.475190,-0.420669,0.773976,-1.447631,-0.410587,0.745985,-1.470404,-0.400190,0.736222,-1.488396,-0.433473,0.780734,-1.464025,-0.424070,0.758108,-1.485880,-0.413589,0.749428,-1.504081,0.096074,0.855582,-1.429737,0.063696,0.814237,-1.420239,0.050152,0.781495,-1.425888,0.088309,0.776992,-1.415212,0.067254,0.746788,-1.417452,0.045299,0.733960,-1.425349,0.099615,0.772019,-1.437701,0.078736,0.739320,-1.443900,0.056706,0.731345,-1.455579,0.108786,0.769297,-1.456582,0.088837,0.738646,-1.464733,0.068956,0.737227,-1.476119,0.114417,0.772366,-1.477493,0.095593,0.746918,-1.486204,0.076453,0.739852,-1.496231,,,
33,1.100,-0.163899,0.974013,-1.501239,-0.283734,0.974575,-1.506223,-0.044064,0.973452,-1.496255,-0.346450,0.579433,-1.309342,-0.043676,0.534904,-1.415582,-0.308467,0.231733,-1.535008,-0.039187,0.127370,-1.500193,-0.163410,1.091245,-1.499776,-0.164939,1.304916,-1.482226,-0.156814,1.545226,-1.449303,-0.153393,1.641889,-1.411276,-0.193830,1.494292,-1.452364,-0.123081,1.492567,-1.457199,-0.331122,1.439085,-1.431520,0.011581,1.430419,-1.468343,-0.392132,1.157402,-1.467880,0.078167,1.147013,-1.462782,-0.422292,0.877443,-1.442022,0.090880,0.890507,-1.344444,-0.333242,0.076487,-1.449155,-0.018279,0.042615,-1.343778,,,,,,,,,,-0.405530,0.862341,-1.431316,-0.379404,0.816487,-1.439243,-0.368283,0.784514,-1.451125,-0.402658,0.783276,-1.445028,-0.388758,0.753640,-1.462032,-0.374310,0.738679,-1.478652,-0.421229,0.785936,-1.462530,-0.408280,0.759321,-1.488370,-0.396213,0.747464,-1.508343,-0.436349,0.789542,-1.476896,-0.425411,0.764876,-1.502890,-0.414117,0.757550,-1.521488,-0.448143,0.799271,-1.492536,-0.437783,0.780751,-1.517589,-0.426422,0.775317,-1.536507,0.076081,0.884304,-1.325310,0.042442,0.844319,-1.314465,0.029607,0.810910,-1.317003,0.065871,0.808621,-1.300502,0.045679,0.777753,-1.300661,0.025170,0.763107,-1.309253,0.080247,0.800550,-1.320161,0.060455,0.766837,-1.324073,0.040289,0.756683,-1.337322,0.092007,0.795205,-1.336928,0.073618,0.763115,-1.342923,0.055581,0.759410,-1.356631,0.100587,0.795230,-1.357047,0.083299,0.768337,-1.364511,0.065855,0.759426,-1.376047,,,
34,1.133,-0.169511,0.984983,-1.458231,-0.289396,0.985922,-1.461745,-0.049626,0.984045,-1.454716,-0.343397,0.594012,-1.256019,-0.051788,0.539158,-1.424658,-0.310421,0.199181,-1.383630,-0.045383,0.132897,-1.515070,-0.168680,1.102186,-1.455300,-0.169761,1.315758,-1.436561,-0.165720,1.556268,-1.404351,-0.164711,1.653071,-1.366540,-0.201961,1.504835,-1.408230,-0.131089,1.504036,-1.411117,-0.339634,1.448664,-1.393316,0.004867,1.444062,-1.417381,-0.397565,1.170744,-1.454914,0.080354,1.163688,-1.395562,-0.430489,0.889921,-1.451823,0.084714,0.917499,-1.256521,-0.338796,0.072675,-1.260030,-0.024106,0.048989,-1.358248,,,,,,,,,,-0.414064,0.874631,-1.440866,-0.384877,0.830933,-1.450174,-0.370708,0.800748,-1.463413,-0.405651,0.797421,-1.461249,-0.388689,0.769712,-1.478717,-0.371889,0.756623,-1.494693,-0.422548,0.800900,-1.480240,-0.405938,0.777014,-1.506646,-0.391445,0.767309,-1.526162,-0.436372,0.805175,-1.495687,-0.422022,0.783062,-1.522310,-0.408736,0.777641,-1.540233,-0.447093,0.815808,-1.511510,-0.433619,0.799996,-1.536934,-0.420322,0.796709,-1.555069,0.068399,0.911492,-1.238594,0.034266,0.871399,-1.229911,0.021809,0.837878,-1.232831,0.056699,0.836157,-1.213388,0.036667,0.805219,-1.214850,0.017013,0.790379,-1.224971,0.072743,0.827880,-1.231618,0.053382,0.794081,-1.236753,0.034432,0.783728,-1.251552,0.085916,0.822353,-1.247236,0.068193,0.790094,-1.254242,0.051386,0.786111,-1.269361,0.096164,0.822111,-1.266558,0.079629,0.795029,-1.274986,0.063227,0.785877,-1.287792,,,
35,1.167,-0.173705,0.987604,-1.405710,-0.293609,0.987761,-1.408630,-0.053801,0.987448,-1.402791,-0.335092,0.588412,-1.214639,-0.053368,0.541590,-1.409301,-0.312205,0.172793,-1.215223,-0.048979,0.138505,-1.513065,-0.173657,1.104767,-1.401405,-0.173362,1.318254,-1.381681,-0.173701,1.558879,-1.350090,-0.174919,1.655846,-1.312708,-0.209084,1.506943,-1.355038,-0.138151,1.507111,-1.355518,-0.346821,1.449581,-1.346692,-0.000567,1.450621,-1.355631,-0.397741,1.176741,-1.432453,0.086473,1.175540,-1.316416,-0.430325,0.896561,-1.452262,0.077621,0.944059,-1.154248,-0.345424,0.083850,-1.063329,-0.026627,0.054959,-1.356200,,,,,,,,,,-0.414477,0.881159,-1.440632,-0.382749,0.839185,-1.449553,-0.366048,0.810429,-1.463018,-0.400922,0.805777,-1.464745,-0.381266,0.779801,-1.482051,-0.362473,0.768313,-1.497005,-0.415952,0.809907,-1.485124,-0.395800,0.788332,-1.511050,-0.379023,0.780388,-1.529503,-0.428314,0.814706,-1.501621,-0.410491,0.794851,-1.527924,-0.395268,0.791043,-1.544683,-0.437814,0.825976,-1.517780,-0.421173,0.812295,-1.542557,-0.405966,0.810636,-1.559364,0.059533,0.938320,-1.138015,0.025303,0.897863,-1.131730,0.013299,0.864169,-1.134563,0.046349,0.863633,-1.111639,0.026649,0.832616,-1.114863,0.008341,0.817520,-1.126944,0.064432,0.855083,-1.127706,0.045968,0.821016,-1.134196,0.028884,0.810180,-1.150811,0.079330,0.849311,-1.141589,0.062569,0.816798,-1.149705,0.047547,0.812374,-1.166489,0.091643,0.848639,-1.159653,0.076034,0.821293,-1.168948,0.061044,0.811748,-1.183125,,,
36,1.200,-0.176929,0.981540,-1.356153,-0.296802,0.978153,-1.358305,-0.057056,0.984926,-1.354000,-0.329657,0.583861,-1.152667,-0.047144,0.539708,-1.376693,-0.324073,0.179387,-1.054522,-0.046104,0.145912,-1.511554,-0.180330,1.098616,-1.350930,-0.177228,1.312074,-1.331145,-0.182829,1.552744,-1.300396,-0.185844,1.649865,-1.263520,-0.217116,1.500200,-1.306504,-0.146229,1.501573,-1.304302,-0.354421,1.441261,-1.304267,-0.007263,1.449033,-1.297361,-0.394308,1.173980,-1.410847,0.091935,1.181900,-1.237498,-0.423141,0.895776,-1.452397,0.073846,0.964618,-1.057438,-0.360136,0.129893,-0.886189,-0.023761,0.059767,-1.356099,,,,,,,,,,-0.408326,0.880131,-1.439772,-0.374851,0.839196,-1.446964,-0.356002,0.811395,-1.459574,-0.390463,0.806216,-1.465561,-0.368527,0.781359,-1.481732,-0.347988,0.770858,-1.495026,-0.403239,0.811028,-1.487283,-0.379918,0.790998,-1.511750,-0.361056,0.784184,-1.528571,-0.413811,0.816373,-1.504824,-0.392760,0.798092,-1.529853,-0.375707,0.795338,-1.544976,-0.421722,0.828216,-1.521423,-0.402105,0.816005,-1.544747,-0.385083,0.815400,-1.559793,0.054127,0.959503,-1.042994,0.020074,0.918728,-1.037919,0.008146,0.884925,-1.039495,0.039260,0.886370,-1.013361,0.020194,0.855049,-1.017372,0.003538,0.839192,-1.030792,0.059190,0.877240,-1.026692,0.041970,0.842545,-1.033277,0.027057,0.830496,-1.051101,0.075662,0.870945,-1.038399,0.060099,0.837844,-1.046521,0.047114,0.832333,-1.064630,0.089957,0.869409,-1.054881,0.075390,0.841471,-1.064107,0.061996,0.831012,-1.079205,,,
37,1.233,-0.179869,0.969767,-1.300786,-0.299610,0.962897,-1.301359,-0.060127,0.976636,-1.300214,-0.327122,0.582373,-1.070541,-0.040788,0.533191,-1.342818,-0.345015,0.196923,-0.914427,-0.042916,0.151429,-1.508700,-0.186603,1.086674,-1.295044,-0.182136,1.300212,-1.276411,-0.192283,1.540922,-1.247177,-0.196560,1.638181,-1.210793,-0.225575,1.487833,-1.254033,-0.154817,1.490293,-1.249687,-0.362583,1.428232,-1.256871,-0.015632,1.439757,-1.235756,-0.391498,1.166534,-1.379623,0.092247,1.182221,-1.153166,-0.416661,0.891727,-1.441290,0.066137,0.977263,-0.960109,-0.382960,0.188185,-0.739584,-0.020330,0.061889,-1.355212,,,,,,,,,,-0.402980,0.875520,-1.428107,-0.368365,0.835347,-1.434105,-0.347966,0.808475,-1.446309,-0.381536,0.803342,-1.456002,-0.357362,0.780234,-1.471567,-0.335309,0.771211,-1.483444,-0.392109,0.809268,-1.478615,-0.365957,0.791317,-1.501801,-0.345339,0.785967,-1.517011,-0.400921,0.815508,-1.496819,-0.376903,0.799417,-1.520651,-0.358311,0.798049,-1.534052,-0.407277,0.828205,-1.513456,-0.385170,0.817770,-1.535372,-0.366713,0.818347,-1.548621,0.045254,0.972969,-0.947106,0.011689,0.931894,-0.941256,0.000161,0.897925,-0.940524,0.029121,0.902561,-0.912033,0.010984,0.870587,-0.915067,-0.004055,0.853245,-0.928560,0.050392,0.892791,-0.922538,0.034555,0.857166,-0.927398,0.021643,0.843140,-0.945339,0.068013,0.885896,-0.932023,0.053794,0.851843,-0.938511,0.042667,0.844433,-0.957172,0.083821,0.883223,-0.946901,0.070480,0.854242,-0.954644,0.058631,0.842125,-0.969796,,,
38,1.267,-0.183689,0.954583,-1.241841,-0.303337,0.946377,-1.240270,-0.064040,0.962789,-1.243411,-0.327473,0.586269,-0.978407,-0.039682,0.522762,-1.311349,-0.357141,0.210452,-0.801928,-0.043847,0.155030,-1.506335,-0.191617,1.071387,-1.235542,-0.188206,1.285042,-1.218062,-0.200328,1.525823,-1.190198,-0.205267,1.623239,-1.154321,-0.233172,1.472496,-1.197368,-0.162515,1.475415,-1.191808,-0.370237,1.413371,-1.204350,-0.023929,1.425107,-1.172235,-0.391361,1.155660,-1.336744,0.088967,1.176847,-1.070229,-0.415443,0.885158,-1.415509,0.058867,0.980563,-0.868916,-0.394869,0.235766,-0.628660,-0.020010,0.063722,-1.354083,,,,,,,,,,-0.402508,0.868283,-1.402410,-0.367308,0.828627,-1.408435,-0.345846,0.802494,-1.420420,-0.378853,0.797854,-1.432870,-0.352517,0.777938,-1.449313,-0.329401,0.771521,-1.460858,-0.388022,0.805003,-1.455741,-0.359662,0.790161,-1.478525,-0.337907,0.786966,-1.492725,-0.395714,0.812223,-1.474090,-0.369263,0.799226,-1.497224,-0.349692,0.799766,-1.509216,-0.401097,0.825810,-1.490362,-0.377234,0.817262,-1.511230,-0.357891,0.819044,-1.523026,0.037406,0.976480,-0.856817,0.005055,0.934671,-0.849510,-0.004841,0.900298,-0.846693,0.021741,0.908529,-0.817007,0.004970,0.875713,-0.818556,-0.008577,0.856788,-0.831490,0.043946,0.898822,-0.825432,0.029819,0.862266,-0.828201,0.018574,0.846331,-0.845663,0.062345,0.891912,-0.833290,0.049787,0.856905,-0.837840,0.040100,0.847618,-0.856464,0.079107,0.888697,-0.846967,0.067238,0.858672,-0.852918,0.056718,0.844875,-0.867608,,,
39,1.300,-0.188578,0.940725,-1.180478,-0.308211,0.932764,-1.177283,-0.068946,0.948686,-1.183674,-0.331986,0.575477,-0.911551,-0.044001,0.514014,-1.279960,-0.355010,0.199402,-0.734630,-0.046376,0.160715,-1.500046,-0.196180,1.057543,-1.174042,-0.194872,1.271225,-1.156613,-0.208045,1.511931,-1.128578,-0.213929,1.609375,-1.092920,-0.240626,1.458559,-1.136560,-0.170113,1.461595,-1.129456,-0.377216,1.398999,-1.147832,-0.031995,1.412051,-1.105186,-0.391952,1.142071,-1.282594,0.082583,1.169441,-0.992068,-0.415533,0.875578,-1.374140,0.054220,0.976446,-0.787351,-0.387758,0.220484,-0.559790,-0.021998,0.063341,-1.351687,,,,,,,,,,-0.402739,0.858084,-1.361735,-0.367190,0.818994,-1.369240,-0.345390,0.793682,-1.382324,-0.378092,0.789536,-1.395519,-0.350997,0.771738,-1.413118,-0.327598,0.766930,-1.424872,-0.386880,0.797870,-1.418138,-0.357726,0.785189,-1.441223,-0.335623,0.783417,-1.455132,-0.394276,0.806037,-1.436210,-0.366969,0.795112,-1.459421,-0.347123,0.796824,-1.470837,-0.399440,0.820461,-1.451819,-0.374953,0.813280,-1.472479,-0.355328,0.815862,-1.483645,0.032505,0.972575,-0.775642,0.001133,0.930419,-0.766336,-0.007571,0.895963,-0.761396,0.017496,0.907163,-0.731555,0.001697,0.873833,-0.731313,-0.010890,0.853668,-0.743308,0.040228,0.897568,-0.738590,0.027298,0.860472,-0.739108,0.017101,0.842983,-0.755705,0.059058,0.890684,-0.745375,0.047627,0.855089,-0.747854,0.038815,0.844265,-0.766079,0.076337,0.887024,-0.758276,0.065493,0.856310,-0.762384,0.055828,0.841196,-0.776346,,,
40,1.333,-0.194477,0.928468,-1.116389,-0.314227,0.922507,-1.113235,-0.074727,0.934429,-1.119544,-0.335592,0.556759,-0.859060,-0.053572,0.507507,-1.246518,-0.348546,0.173537,-0.697082,-0.049208,0.168689,-1.488276,-0.200187,1.045490,-1.112033,-0.201362,1.259344,-1.096848,-0.216566,1.500149,-1.070764,-0.224326,1.597822,-1.036103,-0.248628,1.446560,-1.079368,-0.178374,1.450006,-1.070190,-0.384091,1.385051,-1.093432,-0.040440,1.402370,-1.041461,-0.395964,1.125401,-1.223167,0.074670,1.160788,-0.926695,-0.419683,0.859677,-1.316885,0.053967,0.964493,-0.724211,-0.372128,0.157059,-0.520282,-0.023867,0.059073,-1.348890,,,,,,,,,,-0.406827,0.841432,-1.305685,-0.372509,0.801913,-1.316102,-0.351975,0.776770,-1.331378,-0.385096,0.773765,-1.343055,-0.359126,0.756223,-1.362508,-0.336338,0.751474,-1.375431,-0.394558,0.783178,-1.364967,-0.366596,0.770716,-1.389597,-0.345074,0.768965,-1.404389,-0.402456,0.792214,-1.382402,-0.376284,0.781634,-1.407036,-0.356843,0.783363,-1.419126,-0.407885,0.807355,-1.397223,-0.384267,0.800346,-1.418926,-0.364960,0.802845,-1.430651,0.032297,0.960727,-0.712386,0.001807,0.918402,-0.701116,-0.005746,0.883944,-0.694565,0.018538,0.897232,-0.665198,0.003627,0.863583,-0.662747,-0.008465,0.842371,-0.673367,0.041497,0.887801,-0.671694,0.029531,0.850416,-0.670025,0.019796,0.831722,-0.685551,0.060497,0.881006,-0.678084,0.050077,0.845018,-0.678500,0.041610,0.832920,-0.696075,0.077900,0.877097,-0.690743,0.068144,0.845844,-0.693168,0.059068,0.829677,-0.706324,,,
41,1.367,-0.201532,0.918536,-1.049115,-0.321378,0.913967,-1.047891,-0.081685,0.923106,-1.050339,-0.338049,0.539384,-0.806558,-0.064288,0.508206,-1.212784,-0.343858,0.146951,-0.667900,-0.048518,0.182417,-1.471388,-0.205968,1.035659,-1.046231,-0.209665,1.249754,-1.035504,-0.225793,1.491133,-1.016140,-0.236115,1.589385,-0.983866,-0.257557,1.437288,-1.024235,-0.187590,1.441082,-1.013194,-0.392233,1.374425,-1.039799,-0.050009,1.394811,-0.980777,-0.406172,1.109904,-1.159063,0.062608,1.149806,-0.870897,-0.432119,0.840969,-1.242466,0.050985,0.945006,-0.676263,-0.366264,0.089308,-0.499789,-0.021899,0.051303,-1.352280,,,,,,,,,,-0.419179,0.822204,-1.232265,-0.386831,0.781771,-1.245182,-0.368311,0.756327,-1.262409,-0.401937,0.754347,-1.271582,-0.377771,0.736338,-1.292848,-0.355996,0.731105,-1.307245,-0.412430,0.764307,-1.292771,-0.386315,0.751290,-1.319083,-0.365740,0.749060,-1.335107,-0.421098,0.773789,-1.309592,-0.396752,0.762739,-1.335839,-0.378015,0.764031,-1.349044,-0.426950,0.789265,-1.323896,-0.404769,0.781657,-1.346876,-0.386048,0.783599,-1.359614,0.029347,0.941370,-0.664337,-0.000984,0.899144,-0.652298,-0.007624,0.864600,-0.645228,0.015880,0.878638,-0.616057,0.001576,0.844939,-0.611544,-0.010367,0.823005,-0.620776,0.038858,0.869173,-0.622436,0.027388,0.831752,-0.619011,0.017714,0.812269,-0.633576,0.057869,0.862332,-0.628745,0.048122,0.826171,-0.627632,0.039760,0.813218,-0.644639,0.075261,0.858266,-0.641368,0.066342,0.826705,-0.642842,0.057672,0.809969,-0.655550,,,
42,1.400,-0.211205,0.912397,-0.984838,-0.331092,0.909011,-0.985897,-0.091317,0.915784,-0.983780,-0.351875,0.538649,-0.738445,-0.065922,0.500036,-1.142970,-0.349331,0.133278,-0.643940,-0.044765,0.200395,-1.431122,-0.214528,1.029582,-0.983307,-0.221351,1.243738,-0.975815,-0.235232,1.485702,-0.963168,-0.247618,1.584578,-0.933648,-0.267452,1.431973,-0.970168,-0.197577,1.435373,-0.958434,-0.402333,1.369489,-0.985468,-0.060678,1.388325,-0.924293,-0.424750,1.100309,-1.092376,0.046021,1.135423,-0.827135,-0.457439,0.827375,-1.158663,0.043347,0.917839,-0.646551,-0.372613,0.045575,-0.489498,-0.017500,0.041308,-1.353442,,,,,,,,,,-0.444437,0.808889,-1.148041,-0.412928,0.767548,-1.160128,-0.395423,0.741299,-1.177209,-0.429077,0.739241,-1.184931,-0.405673,0.720360,-1.206294,-0.384390,0.714481,-1.221170,-0.440039,0.748442,-1.206225,-0.414680,0.734155,-1.232617,-0.394522,0.731104,-1.249032,-0.449062,0.757325,-1.223186,-0.425474,0.744949,-1.249534,-0.407058,0.745490,-1.263233,-0.455132,0.772264,-1.237963,-0.433383,0.763178,-1.260819,-0.414824,0.764162,-1.273898,0.021703,0.914495,-0.634553,-0.009498,0.872766,-0.623011,-0.017182,0.838343,-0.616424,0.007109,0.851302,-0.587209,-0.007520,0.817847,-0.581983,-0.019925,0.795948,-0.590672,0.029832,0.841431,-0.593880,0.017838,0.804210,-0.590104,0.007658,0.784746,-0.604347,0.048648,0.834271,-0.600414,0.038486,0.798231,-0.599111,0.029789,0.785324,-0.615985,0.065872,0.830023,-0.613208,0.056643,0.798562,-0.614883,0.047738,0.781946,-0.627588,,,
43,1.433,-0.222380,0.909719,-0.923677,-0.342255,0.906948,-0.926480,-0.102505,0.912491,-0.920873,-0.372311,0.550008,-0.660918,-0.054632,0.482918,-1.030450,-0.356610,0.134553,-0.640559,-0.036301,0.226224,-1.357614,-0.225095,1.026930,-0.923488,-0.232570,1.241117,-0.917700,-0.246499,1.483244,-0.908798,-0.260187,1.582456,-0.881029,-0.278715,1.429405,-0.914898,-0.208819,1.433006,-0.903351,-0.413391,1.365867,-0.927418,-0.071863,1.385890,-0.869539,-0.444790,1.092351,-1.020118,0.032940,1.125111,-0.793420,-0.482092,0.815444,-1.063545,0.043003,0.892481,-0.632974,-0.382512,0.047134,-0.486375,-0.017860,0.048238,-1.349411,,,,,,,,,,-0.469076,0.798055,-1.051222,-0.438070,0.755385,-1.059337,-0.421572,0.727524,-1.074788,-0.454803,0.724782,-1.080800,-0.432092,0.703580,-1.100682,-0.411235,0.695962,-1.115371,-0.466010,0.731798,-1.102788,-0.441129,0.714614,-1.127877,-0.421230,0.709691,-1.144152,-0.475215,0.738934,-1.120461,-0.452221,0.723514,-1.145705,-0.434043,0.722346,-1.159680,-0.481388,0.752295,-1.136639,-0.459727,0.740386,-1.158248,-0.441163,0.739599,-1.171333,0.021691,0.888508,-0.620579,-0.009234,0.846226,-0.610392,-0.017342,0.811642,-0.605328,0.008320,0.822915,-0.576234,-0.006012,0.789191,-0.572017,-0.018608,0.767624,-0.581248,0.030840,0.813412,-0.584034,0.019134,0.776002,-0.581379,0.008585,0.757014,-0.595990,0.049460,0.806608,-0.591448,0.039424,0.770509,-0.591530,0.030271,0.758348,-0.608713,0.066322,0.803041,-0.604914,0.057113,0.771668,-0.607876,0.047893,0.755635,-0.621094,,,
44,1.467,-0.232699,0.911247,-0.863770,-0.352526,0.908974,-0.868448,-0.112872,0.913520,-0.859093,-0.386978,0.548626,-0.608072,-0.046877,0.473936,-0.894354,-0.361066,0.134206,-0.637194,-0.033247,0.265388,-1.254334,-0.234885,1.028464,-0.864725,-0.241531,1.242702,-0.859837,-0.254795,1.484899,-0.851890,-0.268986,1.584118,-0.824398,-0.287205,1.431108,-0.857365,-0.217171,1.434597,-0.846653,-0.421735,1.366675,-0.866392,-0.079992,1.386749,-0.814826,-0.462382,1.089178,-0.942110,0.020709,1.119108,-0.759951,-0.502275,0.809670,-0.957563,0.039175,0.873825,-0.620469,-0.388488,0.046849,-0.483237,-0.013818,0.091920,-1.294556,,,,,,,,,,-0.489491,0.793431,-0.943546,-0.459558,0.749405,-0.947259,-0.444843,0.719865,-0.961330,-0.477254,0.717042,-0.965053,-0.455739,0.692858,-0.982741,-0.435487,0.682799,-0.996794,-0.488591,0.721872,-0.987557,-0.464543,0.701314,-1.010855,-0.445023,0.694055,-1.026710,-0.497867,0.727247,-1.005807,-0.475969,0.708170,-1.029479,-0.458151,0.704719,-1.043540,-0.503952,0.738899,-1.023288,-0.482685,0.723921,-1.043320,-0.464201,0.721048,-1.056227,0.018215,0.869100,-0.607741,-0.012634,0.826339,-0.599512,-0.020394,0.791427,-0.596628,0.005787,0.800711,-0.567541,-0.008612,0.766812,-0.565514,-0.021552,0.746051,-0.576026,0.028013,0.791675,-0.576630,0.016314,0.754172,-0.576100,0.005293,0.736183,-0.591601,0.046369,0.785320,-0.585037,0.036154,0.749343,-0.587315,0.026447,0.738418,-0.605017,0.062807,0.782609,-0.599208,0.053426,0.751492,-0.603850,0.043767,0.736323,-0.617757,,,
45,1.500,-0.241622,0.916151,-0.805442,-0.361328,0.914575,-0.812756,-0.121916,0.917728,-0.798129,-0.396560,0.542692,-0.569251,-0.052154,0.479091,-0.758592,-0.365004,0.132369,-0.631724,-0.040141,0.293240,-1.130853,-0.243045,1.033368,-0.807427,-0.248204,1.247655,-0.802960,-0.258771,1.489926,-0.793354,-0.271881,1.589041,-0.764967,-0.291875,1.436491,-0.798120,-0.221516,1.439224,-0.789525,-0.426468,1.371745,-0.803031,-0.083905,1.389937,-0.762061,-0.475140,1.090906,-0.859161,0.009351,1.116963,-0.722404,-0.515727,0.811534,-0.843064,0.036567,0.861853,-0.603499,-0.394297,0.045498,-0.477837,-0.002599,0.123626,-1.174533,,,,,,,,,,-0.503019,0.796503,-0.827695,-0.473916,0.751771,-0.827478,-0.460487,0.720816,-0.839667,-0.492436,0.718164,-0.841789,-0.472004,0.691514,-0.857050,-0.452324,0.679316,-0.870191,-0.504020,0.720988,-0.864506,-0.480946,0.697455,-0.885895,-0.461908,0.688041,-0.901194,-0.513472,0.724731,-0.883071,-0.492548,0.702637,-0.904931,-0.475093,0.697209,-0.918822,-0.519613,0.734735,-0.901526,-0.498980,0.717376,-0.920259,-0.480768,0.712834,-0.933071,0.015926,0.856233,-0.590616,-0.014791,0.812998,-0.584688,-0.021343,0.777722,-0.584400,0.004379,0.785145,-0.555108,-0.010077,0.751212,-0.555450,-0.023305,0.731378,-0.567308,0.026351,0.776779,-0.565380,0.014605,0.739339,-0.567345,0.003182,0.722572,-0.583889,0.044477,0.771038,-0.574681,0.034170,0.735320,-0.579355,0.024022,0.725735,-0.597579,0.060547,0.769346,-0.589422,0.051236,0.738545,-0.595934,0.041325,0.724285,-0.610605,,,
46,1.533,-0.248465,0.924635,-0.748357,-0.368018,0.923801,-0.757940,-0.128911,0.925469,-0.738774,-0.398986,0.534299,-0.543086,-0.062264,0.497993,-0.630813,-0.366846,0.128022,-0.627757,-0.052941,0.296470,-0.994908,-0.249053,1.041840,-0.751218,-0.252701,1.256160,-0.746802,-0.260460,1.498426,-0.734741,-0.270980,1.597485,-0.705106,-0.294269,1.445340,-0.738296,-0.223549,1.447354,-0.733163,-0.428893,1.380498,-0.736456,-0.085240,1.396528,-0.712969,-0.482749,1.097058,-0.770380,0.000965,1.119499,-0.688324,-0.519049,0.821173,-0.720132,0.040500,0.857034,-0.590808,-0.397151,0.040796,-0.474266,-0.008727,0.124369,-1.017548,,,,,,,,,,-0.505728,0.807768,-0.703806,-0.477051,0.762924,-0.699980,-0.464493,0.730611,-0.709215,-0.496560,0.728201,-0.709519,-0.477168,0.699546,-0.722302,-0.458247,0.685500,-0.734693,-0.509232,0.728640,-0.731823,-0.487560,0.702383,-0.751433,-0.469432,0.690923,-0.766438,-0.519561,0.730424,-0.750211,-0.499785,0.705927,-0.770523,-0.483031,0.698895,-0.784557,-0.526522,0.738394,-0.769353,-0.507049,0.718999,-0.787314,-0.489588,0.713023,-0.800576,0.020784,0.850083,-0.577148,-0.008929,0.805979,-0.572682,-0.014035,0.770540,-0.575004,0.012425,0.776308,-0.546569,-0.001422,0.742160,-0.548203,-0.015078,0.722870,-0.560467,0.033817,0.769141,-0.558788,0.022399,0.731768,-0.562845,0.010138,0.716120,-0.579879,0.051397,0.764449,-0.569602,0.041441,0.728930,-0.576173,0.030324,0.720453,-0.594380,0.066530,0.764169,-0.585391,0.057566,0.733721,-0.593779,0.047128,0.720402,-0.608960,,,
47,1.567,-0.252227,0.935508,-0.692480,-0.371698,0.935405,-0.703069,-0.132755,0.935610,-0.681891,-0.394054,0.527149,-0.525137,-0.067943,0.526550,-0.516659,-0.366087,0.123604,-0.623287,-0.066563,0.288247,-0.857941,-0.252020,1.052698,-0.695947,-0.254729,1.267034,-0.691639,-0.260506,1.509294,-0.678403,-0.268014,1.608317,-0.647751,-0.294744,1.456396,-0.680239,-0.223838,1.458027,-0.679043,-0.429354,1.392353,-0.669743,-0.085057,1.405789,-0.667592,-0.486030,1.107645,-0.680646,-0.004137,1.126131,-0.662372,-0.510501,0.839052,-0.595713,0.047859,0.857918,-0.589444,-0.395605,0.036418,-0.469621,-0.031168,0.112798,-0.850787,,,,,,,,,,-0.495741,0.827705,-0.579069,-0.466790,0.783416,-0.572118,-0.454476,0.750152,-0.577503,-0.487048,0.747968,-0.575323,-0.468487,0.717906,-0.585926,-0.450527,0.702386,-0.597983,-0.501692,0.745684,-0.596265,-0.481714,0.717039,-0.614267,-0.464936,0.703676,-0.629268,-0.513648,0.745210,-0.613724,-0.495301,0.718690,-0.632798,-0.479715,0.710232,-0.647382,-0.522325,0.750740,-0.633025,-0.504623,0.729170,-0.650326,-0.488492,0.721548,-0.664404,0.029941,0.849318,-0.574325,0.001362,0.804395,-0.570691,-0.003524,0.769225,-0.575842,0.025898,0.772845,-0.550176,0.012736,0.738475,-0.552631,-0.001923,0.719702,-0.564532,0.045779,0.767291,-0.565413,0.034352,0.730181,-0.571397,0.020314,0.715795,-0.588169,0.062016,0.763993,-0.578584,0.052015,0.728870,-0.586965,0.038985,0.721629,-0.604421,0.075201,0.765503,-0.595970,0.065971,0.735703,-0.606199,0.054152,0.723555,-0.621348,,,
48,1.600,-0.252207,0.947924,-0.636694,-0.371634,0.948648,-0.647758,-0.132781,0.947201,-0.625630,-0.386551,0.524292,-0.511623,-0.074143,0.560010,-0.412375,-0.364368,0.122971,-0.619849,-0.078148,0.277416,-0.717970,-0.251146,1.065100,-0.640485,-0.254273,1.279446,-0.637090,-0.257496,1.521775,-0.624224,-0.262072,1.620779,-0.592941,-0.292190,1.469142,-0.624162,-0.221305,1.470219,-0.626602,-0.426797,1.407087,-0.605144,-0.082796,1.416143,-0.623261,-0.486168,1.122937,-0.594044,-0.007964,1.135161,-0.638517,-0.493024,0.866174,-0.475801,0.049951,0.862703,-0.589804,-0.392846,0.036199,-0.465754,-0.050481,0.107028,-0.670132,,,,,,,,,,-0.476226,0.857107,-0.459700,-0.445875,0.814163,-0.450611,-0.432519,0.780896,-0.452049,-0.465732,0.778542,-0.446856,-0.447676,0.747554,-0.455475,-0.430753,0.730784,-0.467359,-0.482672,0.773539,-0.465464,-0.464351,0.742883,-0.481843,-0.449156,0.727757,-0.496857,-0.496570,0.770786,-0.481189,-0.479827,0.742335,-0.498908,-0.465785,0.732345,-0.514079,-0.507532,0.773759,-0.499881,-0.491763,0.750086,-0.516280,-0.477333,0.740711,-0.531124,0.033920,0.852918,-0.573345,0.004639,0.808399,-0.570407,-0.002089,0.774050,-0.578300,0.030640,0.774444,-0.556647,0.016567,0.740545,-0.560304,0.000028,0.723064,-0.571697,0.048144,0.770130,-0.574903,0.034920,0.733981,-0.582776,0.018343,0.721527,-0.598758,0.062382,0.767911,-0.590406,0.050533,0.733860,-0.600604,0.035135,0.728472,-0.616754,0.073196,0.770967,-0.609171,0.062070,0.742436,-0.621004,0.048150,0.731927,-0.635585,,,
49,1.633,-0.251603,0.959139,-0.580216,-0.370945,0.960708,-0.592069,-0.132260,0.957571,-0.568364,-0.378397,0.523760,-0.503447,-0.080054,0.594010,-0.315519,-0.362127,0.124716,-0.620760,-0.085267,0.263631,-0.568672,-0.249695,1.076307,-0.583925,-0.253153,1.290654,-0.580919,-0.253088,1.533003,-0.568050,-0.254607,1.631906,-0.536153,-0.288320,1.480758,-0.566319,-0.217622,1.481051,-0.572109,-0.422754,1.421075,-0.539923,-0.079994,1.424823,-0.576236,-0.485135,1.139061,-0.508835,-0.012144,1.143968,-0.612301,-0.467689,0.898976,-0.360477,0.046690,0.868586,-0.586530,-0.389381,0.037179,-0.466875,-0.059561,0.112316,-0.476319,,,,,,,,,,-0.448567,0.892590,-0.345740,-0.415113,0.852245,-0.335684,-0.399691,0.819874,-0.334495,-0.432455,0.816649,-0.325224,-0.413846,0.785512,-0.331917,-0.397512,0.767979,-0.343519,-0.451293,0.808768,-0.340757,-0.433552,0.776926,-0.355424,-0.419536,0.760543,-0.370266,-0.466875,0.803586,-0.354112,-0.451054,0.773587,-0.370035,-0.438489,0.762146,-0.385473,-0.480218,0.803825,-0.371441,-0.465506,0.778754,-0.386704,-0.452602,0.768044,-0.402043,0.032075,0.857967,-0.569289,0.000526,0.814974,-0.567217,-0.009240,0.782049,-0.577607,0.025704,0.778447,-0.560144,0.009235,0.745859,-0.565379,-0.009566,0.730525,-0.576348,0.040663,0.775178,-0.580731,0.024305,0.740799,-0.590432,0.005213,0.730980,-0.605412,0.052840,0.773870,-0.597995,0.037725,0.741741,-0.609956,0.020242,0.738889,-0.624557,0.061583,0.778324,-0.617543,0.047444,0.751766,-0.630678,0.031324,0.743530,-0.644430,,,
50,1.667,-0.251164,0.966117,-0.524960,-0.370398,0.968425,-0.537738,-0.131929,0.963808,-0.512182,-0.369930,0.524389,-0.496947,-0.084985,0.622992,-0.228504,-0.360077,0.127623,-0.622420,-0.088513,0.248553,-0.410292,-0.248565,1.083289,-0.528037,-0.252284,1.297607,-0.523561,-0.248453,1.539828,-0.508970,-0.247018,1.638476,-0.476291,-0.284255,1.488026,-0.506024,-0.213892,1.487459,-0.514999,-0.418309,1.430715,-0.473218,-0.077462,1.429406,-0.526700,-0.485129,1.152110,-0.425221,-0.017153,1.150419,-0.584258,-0.435406,0.933700,-0.252652,0.038897,0.873299,-0.579407,-0.385981,0.039671,-0.468539,-0.060755,0.129174,-0.279660,,,,,,,,,,-0.414425,0.930256,-0.239553,-0.377748,0.893182,-0.228224,-0.360087,0.862189,-0.224400,-0.391700,0.858674,-0.211143,-0.372035,0.827754,-0.215368,-0.355957,0.809454,-0.226110,-0.411648,0.847904,-0.223158,-0.393721,0.815079,-0.235197,-0.380427,0.797350,-0.249127,-0.428282,0.840248,-0.233772,-0.412640,0.808853,-0.246943,-0.401197,0.795759,-0.261933,-0.443455,0.837498,-0.249284,-0.429107,0.811107,-0.262537,-0.417374,0.798843,-0.277650,0.025124,0.861670,-0.562125,-0.008767,0.820449,-0.561707,-0.021354,0.789410,-0.574572,0.014581,0.782081,-0.560709,-0.004396,0.751287,-0.567933,-0.025003,0.738387,-0.578792,0.027552,0.780267,-0.582771,0.008262,0.748120,-0.594521,-0.012595,0.741082,-0.608690,0.038153,0.780189,-0.601090,0.020004,0.750485,-0.614953,0.001218,0.750253,-0.628143,0.045510,0.786260,-0.620773,0.028650,0.762087,-0.635238,0.010937,0.756292,-0.648254,,,
51,1.700,-0.249616,0.968999,-0.470373,-0.368779,0.972010,-0.483666,-0.130453,0.965988,-0.457080,-0.364784,0.526128,-0.486017,-0.093712,0.639823,-0.155255,-0.358289,0.133309,-0.623549,-0.086777,0.233865,-0.246983,-0.246453,1.086184,-0.472184,-0.251115,1.300420,-0.465322,-0.242849,1.542358,-0.448100,-0.239002,1.640658,-0.414578,-0.279308,1.491077,-0.444242,-0.209404,1.489544,-0.456193,-0.412837,1.436247,-0.405577,-0.074423,1.430153,-0.475511,-0.485642,1.162292,-0.342032,-0.022778,1.154562,-0.554037,-0.401556,0.967728,-0.154870,0.028111,0.876744,-0.567749,-0.382820,0.044874,-0.469720,-0.058309,0.147018,-0.092926,,,,,,,,,,-0.379248,0.966887,-0.143678,-0.340243,0.932909,-0.130560,-0.320812,0.903544,-0.123684,-0.351089,0.901320,-0.106860,-0.330767,0.870569,-0.108291,-0.315169,0.851159,-0.117711,-0.371724,0.888333,-0.114847,-0.353771,0.854415,-0.123273,-0.341215,0.834968,-0.135489,-0.389042,0.878716,-0.122302,-0.373609,0.845924,-0.131805,-0.363223,0.830807,-0.145615,-0.405586,0.873180,-0.135495,-0.391496,0.845318,-0.145650,-0.380772,0.831003,-0.159671,0.015054,0.863769,-0.550874,-0.020516,0.824017,-0.552466,-0.035373,0.795079,-0.567606,0.001128,0.784954,-0.557348,-0.019898,0.756102,-0.566626,-0.041829,0.745478,-0.577354,0.012466,0.785141,-0.580363,-0.009082,0.755330,-0.594169,-0.031165,0.750797,-0.607477,0.021773,0.786721,-0.599307,0.001247,0.759560,-0.614955,-0.018405,0.761587,-0.626643,0.028026,0.794677,-0.618697,0.008984,0.772980,-0.634333,-0.009889,0.769385,-0.646485,,,
52,1.733,-0.247865,0.968556,-0.413980,-0.366865,0.974037,-0.427932,-0.128866,0.963075,-0.400029,-0.364851,0.530565,-0.474418,-0.107995,0.632938,-0.101019,-0.359115,0.142344,-0.624467,-0.084142,0.217501,-0.090696,-0.242474,1.085674,-0.413948,-0.249461,1.299787,-0.405440,-0.236028,1.541271,-0.385346,-0.230358,1.639135,-0.350819,-0.273263,1.490612,-0.380766,-0.203908,1.487978,-0.395419,-0.406077,1.438347,-0.336490,-0.070683,1.427380,-0.421859,-0.485607,1.170677,-0.256381,-0.029082,1.156025,-0.518913,-0.371814,0.997801,-0.063715,0.015336,0.878381,-0.548942,-0.382259,0.052058,-0.471501,-0.055990,0.165743,0.078464,,,,,,,,,,-0.348585,0.999016,-0.054628,-0.307765,0.968015,-0.039773,-0.286686,0.940682,-0.029989,-0.315700,0.940664,-0.010342,-0.294911,0.910263,-0.008301,-0.279747,0.889639,-0.015615,-0.336647,0.926355,-0.014177,-0.318631,0.891675,-0.018237,-0.306668,0.870546,-0.028010,-0.354325,0.915485,-0.018343,-0.338990,0.881692,-0.023506,-0.329478,0.864544,-0.035445,-0.371839,0.907703,-0.028882,-0.357808,0.878733,-0.035349,-0.347862,0.862390,-0.047616,0.003097,0.864051,-0.532557,-0.033914,0.825720,-0.535542,-0.051047,0.798968,-0.552220,-0.014121,0.786805,-0.546131,-0.037144,0.760059,-0.556863,-0.060289,0.751626,-0.566967,-0.004512,0.789130,-0.569807,-0.028170,0.761702,-0.585027,-0.051325,0.759353,-0.597011,0.003425,0.792461,-0.589144,-0.019351,0.767890,-0.605920,-0.039724,0.771838,-0.615732,0.008515,0.802264,-0.608022,-0.012508,0.782943,-0.624225,-0.032375,0.781160,-0.635130,,,
53,1.767,-0.246437,0.964005,-0.355381,-0.365190,0.971725,-0.370332,-0.127683,0.956284,-0.340429,-0.366541,0.533237,-0.451320,-0.116605,0.606702,-0.063839,-0.360110,0.154462,-0.623806,-0.084502,0.202305,0.029411,-0.239099,1.080997,-0.353246,-0.247410,1.295029,-0.343915,-0.230329,1.536124,-0.321997,-0.223638,1.633675,-0.286776,-0.268059,1.485891,-0.316809,-0.199194,1.482533,-0.333484,-0.399489,1.434514,-0.267635,-0.067432,1.421582,-0.365799,-0.484586,1.174255,-0.170612,-0.034618,1.154348,-0.476671,-0.343909,1.021394,0.021218,0.004507,0.877577,-0.519419,-0.382582,0.061180,-0.472545,-0.057683,0.186906,0.205848,,,,,,,,,,-0.320406,1.024585,0.029031,-0.278258,0.997347,0.047189,-0.255505,0.972984,0.060449,-0.284385,0.975158,0.081061,-0.262676,0.946142,0.087945,-0.247103,0.924904,0.084040,-0.305067,0.959985,0.080510,-0.286219,0.925551,0.082171,-0.273952,0.903275,0.075976,-0.322587,0.948214,0.078929,-0.306515,0.914372,0.079383,-0.296910,0.895562,0.070382,-0.340257,0.938422,0.070547,-0.325573,0.909113,0.068740,-0.315531,0.891112,0.059168,-0.006974,0.862117,-0.503519,-0.045234,0.825094,-0.507183,-0.064397,0.800338,-0.524713,-0.027410,0.786840,-0.522584,-0.052221,0.762057,-0.534021,-0.076352,0.755456,-0.543135,-0.019424,0.791068,-0.546597,-0.044938,0.765777,-0.562502,-0.068928,0.765152,-0.572960,-0.012771,0.795945,-0.566089,-0.037527,0.773689,-0.583284,-0.058399,0.779097,-0.591162,-0.008728,0.807291,-0.584346,-0.031494,0.790037,-0.600528,-0.052150,0.789695,-0.610015,,,
54,1.800,-0.246116,0.954699,-0.293988,-0.364726,0.963530,-0.309456,-0.127506,0.945869,-0.278519,-0.363501,0.535480,-0.434373,-0.114704,0.566175,-0.045063,-0.361409,0.162077,-0.618299,-0.088452,0.183407,0.116377,-0.237977,1.071579,-0.289667,-0.244531,1.285590,-0.278619,-0.225886,1.526443,-0.255363,-0.218710,1.623868,-0.219890,-0.263778,1.476362,-0.249896,-0.195212,1.472780,-0.267719,-0.394023,1.424962,-0.197687,-0.064464,1.412272,-0.304651,-0.483386,1.172153,-0.085922,-0.038303,1.148311,-0.424751,-0.323652,1.033709,0.101890,-0.002630,0.872822,-0.477610,-0.382818,0.065665,-0.468859,-0.068115,0.184783,0.294340,,,,,,,,,,-0.300310,1.039104,0.108939,-0.256962,1.016881,0.130736,-0.232420,0.996530,0.147188,-0.262054,0.999914,0.167661,-0.238932,0.973756,0.179566,-0.222187,0.953058,0.179479,-0.282032,0.983934,0.169608,-0.261633,0.951183,0.177020,-0.248299,0.928784,0.174651,-0.299005,0.971294,0.169989,-0.281446,0.938768,0.176110,-0.270950,0.919167,0.170386,-0.316223,0.959555,0.163348,-0.300318,0.930981,0.166256,-0.289499,0.912102,0.159695,-0.013452,0.856203,-0.462433,-0.052452,0.820063,-0.466998,-0.073046,0.797064,-0.485282,-0.036138,0.783050,-0.486547,-0.062110,0.759800,-0.498610,-0.086858,0.754446,-0.506843,-0.029442,0.789204,-0.510537,-0.056168,0.765642,-0.527094,-0.080698,0.766188,-0.536220,-0.023812,0.795638,-0.529900,-0.049905,0.775264,-0.547448,-0.071089,0.781595,-0.553618,-0.020615,0.808443,-0.547342,-0.044642,0.792928,-0.563461,-0.065840,0.793717,-0.571633,,,
55,1.833,-0.242687,0.940440,-0.235387,-0.361370,0.948617,-0.250649,-0.124003,0.932263,-0.220124,-0.355686,0.532412,-0.410568,-0.114343,0.553779,0.015437,-0.361776,0.171966,-0.618665,-0.092920,0.166651,0.166885,-0.235215,1.057356,-0.230851,-0.239853,1.271349,-0.218565,-0.220276,1.511994,-0.193958,-0.212480,1.609379,-0.158504,-0.258269,1.461992,-0.188472,-0.189875,1.458320,-0.206923,-0.388313,1.411334,-0.135051,-0.059979,1.397793,-0.246720,-0.480344,1.163723,-0.014183,-0.037937,1.135391,-0.370991,-0.313216,1.030867,0.171216,-0.004040,0.861211,-0.431293,-0.382276,0.065758,-0.475887,-0.072882,0.154741,0.344488,,,,,,,,,,-0.290063,1.037949,0.177331,-0.245548,1.019944,0.200617,-0.220344,1.002068,0.218848,-0.249496,1.006625,0.239144,-0.225268,0.982286,0.252605,-0.207874,0.962168,0.253833,-0.268726,0.990084,0.242998,-0.246848,0.958979,0.252876,-0.232641,0.937005,0.252241,-0.285118,0.976831,0.244912,-0.266060,0.945751,0.253545,-0.254827,0.926167,0.249370,-0.301870,0.963748,0.239753,-0.284573,0.936370,0.245159,-0.272943,0.917461,0.240295,-0.014637,0.843499,-0.417235,-0.054303,0.808366,-0.423582,-0.075839,0.787238,-0.443003,-0.039165,0.772946,-0.446703,-0.065827,0.751124,-0.459875,-0.090884,0.746771,-0.467757,-0.033123,0.781033,-0.470290,-0.060548,0.759168,-0.487993,-0.085318,0.760674,-0.496329,-0.027998,0.789017,-0.489211,-0.054856,0.770494,-0.507633,-0.076127,0.777541,-0.512615,-0.025149,0.803216,-0.505602,-0.049819,0.789338,-0.522233,-0.071232,0.790963,-0.529693,,,
56,1.867,-0.238080,0.927365,-0.176027,-0.357036,0.932497,-0.190476,-0.119125,0.922233,-0.161577,-0.345965,0.523001,-0.366608,-0.114747,0.560262,0.098790,-0.359117,0.181980,-0.604926,-0.096858,0.159036,0.208155,-0.233308,1.044487,-0.173716,-0.236298,1.258557,-0.162295,-0.215263,1.499116,-0.138043,-0.206136,1.596606,-0.103204,-0.253512,1.449333,-0.132332,-0.185221,1.445257,-0.151082,-0.384063,1.400251,-0.078679,-0.056290,1.383144,-0.191566,-0.479426,1.153261,0.040869,-0.034738,1.119272,-0.312772,-0.317941,1.017661,0.229259,-0.001056,0.845173,-0.373565,-0.380860,0.059122,-0.476399,-0.072937,0.116946,0.380615,,,,,,,,,,-0.294907,1.024966,0.235559,-0.250673,1.007645,0.259877,-0.226730,0.989286,0.279289,-0.255139,0.995140,0.298618,-0.231248,0.970313,0.311788,-0.214192,0.949894,0.312790,-0.274362,0.978608,0.302546,-0.252587,0.947456,0.312504,-0.238445,0.925439,0.311926,-0.290731,0.965334,0.304505,-0.271689,0.934301,0.313342,-0.260427,0.914710,0.309283,-0.307356,0.952076,0.299383,-0.289821,0.924961,0.305323,-0.277946,0.906109,0.300842,-0.012011,0.826891,-0.360551,-0.052251,0.792864,-0.368968,-0.074235,0.773127,-0.389328,-0.037638,0.758534,-0.393991,-0.064565,0.737943,-0.408534,-0.089633,0.734435,-0.416795,-0.031365,0.767820,-0.417071,-0.058929,0.747319,-0.436138,-0.083616,0.749564,-0.444553,-0.026030,0.776759,-0.435501,-0.052996,0.759643,-0.455091,-0.074143,0.767210,-0.459833,-0.022873,0.791800,-0.451063,-0.047669,0.779172,-0.468486,-0.069025,0.781416,-0.475948,,,
57,1.900,-0.233881,0.918443,-0.113150,-0.353014,0.921721,-0.126646,-0.114748,0.915165,-0.099655,-0.348573,0.510732,-0.299565,-0.106041,0.562247,0.172752,-0.354982,0.200672,-0.577207,-0.098191,0.150031,0.230028,-0.230836,1.035635,-0.111567,-0.231538,1.249790,-0.101433,-0.210962,1.490682,-0.080306,-0.199374,1.588351,-0.046721,-0.249030,1.440874,-0.073683,-0.180878,1.436745,-0.092918,-0.379576,1.392431,-0.019438,-0.052657,1.373066,-0.133223,-0.475197,1.140229,0.088453,-0.024827,1.105007,-0.243466,-0.327511,0.994856,0.280834,0.013625,0.829596,-0.294759,-0.382402,0.052361,-0.480574,-0.078622,0.081809,0.394493,,,,,,,,,,-0.305000,1.001928,0.289011,-0.262680,0.983833,0.316023,-0.241563,0.963767,0.336964,-0.269988,0.970272,0.353969,-0.247214,0.944917,0.368079,-0.230356,0.924374,0.369693,-0.289453,0.953683,0.356013,-0.268559,0.922037,0.366292,-0.254517,0.899952,0.365881,-0.305927,0.940400,0.356393,-0.287744,0.909017,0.365786,-0.276297,0.889468,0.362055,-0.322135,0.927329,0.349698,-0.305035,0.900001,0.355921,-0.292859,0.881287,0.351676,0.002093,0.811141,-0.282509,-0.037890,0.777425,-0.293116,-0.059373,0.757950,-0.314249,-0.022397,0.743463,-0.318113,-0.049232,0.723786,-0.334024,-0.074056,0.720961,-0.343231,-0.015169,0.753112,-0.340761,-0.042165,0.733279,-0.361289,-0.066482,0.735916,-0.370620,-0.009066,0.762339,-0.358806,-0.035577,0.745941,-0.379594,-0.056475,0.753822,-0.384898,-0.005235,0.777628,-0.373970,-0.029785,0.765475,-0.392064,-0.050957,0.767976,-0.399956,,,
58,1.933,-0.226507,0.914691,-0.051466,-0.345836,0.916937,-0.063340,-0.107177,0.912446,-0.039591,-0.368351,0.491873,-0.196181,-0.091981,0.559953,0.233081,-0.356415,0.223067,-0.513773,-0.095719,0.143846,0.243317,-0.224434,1.031907,-0.050137,-0.225227,1.246120,-0.041306,-0.203296,1.487112,-0.022850,-0.189543,1.584873,0.009632,-0.241520,1.437556,-0.015305,-0.173605,1.432908,-0.035245,-0.372377,1.390694,0.039577,-0.046763,1.366504,-0.075518,-0.467801,1.130719,0.127309,-0.012800,1.093474,-0.170832,-0.343002,0.963733,0.318347,0.028741,0.815817,-0.204616,-0.380866,0.048137,-0.483980,-0.075967,0.061835,0.401337,,,,,,,,,,-0.321434,0.969677,0.329444,-0.282779,0.948782,0.359729,-0.265482,0.926150,0.381541,-0.294577,0.932978,0.395621,-0.274217,0.906067,0.410517,-0.258160,0.884939,0.412665,-0.314449,0.916799,0.394356,-0.295558,0.883954,0.404750,-0.282044,0.861540,0.404423,-0.331101,0.903947,0.391999,-0.314765,0.871541,0.401312,-0.303369,0.851947,0.397658,-0.346684,0.891761,0.382670,-0.330834,0.863628,0.388612,-0.318593,0.844961,0.384347,0.016243,0.797748,-0.192745,-0.023325,0.764173,-0.205197,-0.043412,0.744528,-0.227512,-0.006606,0.729519,-0.228388,-0.033664,0.711123,-0.245417,-0.058127,0.709489,-0.255801,0.002178,0.738592,-0.250721,-0.024356,0.719485,-0.272503,-0.048017,0.722918,-0.283166,0.009537,0.747356,-0.268527,-0.016643,0.731620,-0.290227,-0.037006,0.740135,-0.296535,0.014506,0.762266,-0.283739,-0.009682,0.750224,-0.302385,-0.030516,0.753179,-0.310989,,,
59,1.967,-0.219657,0.914508,0.007450,-0.339192,0.916464,-0.002194,-0.100121,0.912553,0.017095,-0.390240,0.478387,-0.067880,-0.079051,0.552148,0.278814,-0.368827,0.260149,-0.421684,-0.093931,0.137312,0.247942,-0.217855,1.031728,0.008892,-0.219797,1.245939,0.017588,-0.199362,1.487117,0.035310,-0.184938,1.584931,0.067338,-0.237301,1.437355,0.042940,-0.169319,1.433054,0.023149,-0.368333,1.390356,0.097282,-0.042784,1.365638,-0.016402,-0.458631,1.122838,0.165620,-0.000463,1.088614,-0.095461,-0.360639,0.927780,0.345356,0.045220,0.809761,-0.106151,-0.384150,0.084150,-0.451275,-0.071632,0.052365,0.404060,,,,,,,,,,-0.340411,0.931633,0.359484,-0.306209,0.906066,0.391493,-0.292292,0.880490,0.412453,-0.322623,0.886897,0.423748,-0.305105,0.857682,0.437897,-0.290094,0.835758,0.439586,-0.342607,0.871737,0.418358,-0.326191,0.837191,0.427348,-0.313444,0.814357,0.426234,-0.359179,0.859876,0.412641,-0.344935,0.826038,0.420115,-0.333702,0.806511,0.415686,-0.373839,0.849397,0.400245,-0.359703,0.820079,0.404559,-0.347643,0.801476,0.399561,0.032669,0.792270,-0.093494,-0.005265,0.756576,-0.105111,-0.023280,0.734798,-0.127214,0.013559,0.720790,-0.124688,-0.013157,0.701496,-0.141258,-0.037317,0.699380,-0.152247,0.023174,0.728387,-0.147229,-0.002643,0.707887,-0.168603,-0.025926,0.710689,-0.180237,0.031151,0.735982,-0.165304,0.005588,0.718683,-0.186544,-0.014625,0.726668,-0.193935,0.036440,0.749824,-0.181392,0.012840,0.736042,-0.199584,-0.007837,0.738145,-0.208793,,,
60,2.000,-0.214440,0.918105,0.062491,-0.334180,0.919789,0.055776,-0.094700,0.916421,0.069206,-0.396517,0.478394,0.066613,-0.069832,0.543519,0.312431,-0.376316,0.290487,-0.304260,-0.091106,0.132136,0.252638,-0.212880,1.035326,0.064069,-0.216107,1.249434,0.074689,-0.198489,1.490584,0.095555,-0.184677,1.588191,0.128472,-0.236111,1.440378,0.101702,-0.167625,1.436950,0.083545,-0.367929,1.391478,0.152341,-0.040310,1.369775,0.046148,-0.450078,1.117882,0.205129,0.008655,1.089989,-0.017932,-0.385106,0.891665,0.361845,0.056476,0.811616,-0.004454,-0.394155,0.118049,-0.349347,-0.066314,0.047569,0.408587,,,,,,,,,,-0.365916,0.891685,0.377824,-0.335449,0.858737,0.406707,-0.323852,0.829238,0.423514,-0.355147,0.834850,0.433514,-0.339939,0.802544,0.442769,-0.326001,0.779923,0.441089,-0.375258,0.822098,0.423964,-0.361190,0.785547,0.427103,-0.349457,0.762628,0.422397,-0.391807,0.812453,0.414959,-0.379555,0.777080,0.416496,-0.368827,0.758197,0.409049,-0.405866,0.805300,0.399807,-0.393798,0.774774,0.399115,-0.382460,0.756689,0.391313,0.045152,0.794949,0.010299,0.009691,0.755680,0.003341,-0.006799,0.730303,-0.015933,0.030852,0.719163,-0.012053,0.004806,0.696905,-0.025718,-0.019407,0.692497,-0.035879,0.039899,0.724661,-0.035424,0.014665,0.700871,-0.053887,-0.008898,0.701461,-0.065277,0.047317,0.730576,-0.054345,0.022318,0.709787,-0.072965,0.001624,0.715954,-0.080757,0.051636,0.742737,-0.072004,0.028571,0.725743,-0.088036,0.007682,0.725700,-0.097005,,,
61,2.033,-0.211647,0.926233,0.116268,-0.331484,0.927528,0.111493,-0.091809,0.924939,0.121043,-0.396514,0.493438,0.190041,-0.069509,0.535410,0.336919,-0.372942,0.300362,-0.177967,-0.089594,0.126957,0.259290,-0.210451,1.043456,0.118031,-0.214142,1.257439,0.130812,-0.198992,1.498291,0.156496,-0.187084,1.595493,0.191300,-0.236560,1.447792,0.160009,-0.167269,1.445030,0.145079,-0.370006,1.396524,0.203543,-0.037970,1.378911,0.112980,-0.444015,1.118009,0.240170,0.016744,1.097019,0.064737,-0.414004,0.866686,0.366231,0.063327,0.820948,0.104423,-0.396245,0.124627,-0.203663,-0.063777,0.042608,0.415190,,,,,,,,,,-0.395230,0.861611,0.381897,-0.366992,0.820833,0.401589,-0.356732,0.787628,0.410495,-0.388396,0.791827,0.421026,-0.374555,0.757637,0.421230,-0.361443,0.735783,0.413530,-0.408819,0.783002,0.408248,-0.396428,0.746378,0.401254,-0.385634,0.725116,0.390461,-0.425557,0.776854,0.396845,-0.414817,0.741886,0.388746,-0.404740,0.725280,0.376506,-0.439546,0.774579,0.380187,-0.429259,0.744694,0.371295,-0.418821,0.728755,0.358906,0.053487,0.806022,0.121859,0.020552,0.764031,0.122004,0.004958,0.734982,0.107849,0.043716,0.726996,0.111512,0.019239,0.701003,0.102249,-0.004758,0.693291,0.093670,0.051821,0.729464,0.087295,0.027856,0.701549,0.073511,0.004043,0.698843,0.062978,0.058380,0.732913,0.067468,0.034690,0.707825,0.052865,0.013470,0.711285,0.044823,0.061464,0.742521,0.048063,0.039576,0.721755,0.035122,0.018660,0.718925,0.026676,,,
62,2.067,-0.212969,0.939274,0.169880,-0.332832,0.940338,0.165736,-0.093105,0.938209,0.174023,-0.400049,0.519944,0.298338,-0.078836,0.529855,0.352562,-0.367329,0.288344,-0.045980,-0.090855,0.123074,0.265111,-0.211996,1.056495,0.171845,-0.215134,1.270412,0.185826,-0.202315,1.511001,0.215006,-0.193234,1.607857,0.251583,-0.239842,1.460356,0.215825,-0.169809,1.457965,0.204812,-0.375080,1.407385,0.250985,-0.038272,1.393052,0.180220,-0.442789,1.125346,0.267092,0.020957,1.109506,0.150605,-0.440804,0.858320,0.360086,0.060282,0.837826,0.218458,-0.387865,0.110426,-0.042908,-0.065608,0.038810,0.421151,,,,,,,,,,-0.422590,0.848684,0.374194,-0.396049,0.803230,0.382996,-0.386418,0.768672,0.383408,-0.418768,0.770909,0.393788,-0.405724,0.737496,0.385183,-0.392929,0.718092,0.372200,-0.439103,0.766437,0.378798,-0.427572,0.732607,0.362481,-0.417117,0.714643,0.346572,-0.455716,0.764063,0.365899,-0.445684,0.732191,0.348950,-0.435739,0.719137,0.332894,-0.469336,0.766702,0.348990,-0.459902,0.739892,0.332553,-0.449741,0.727477,0.316456,0.050409,0.825681,0.237917,0.018662,0.783267,0.244333,0.004078,0.751801,0.235135,0.043112,0.745762,0.240622,0.020574,0.716992,0.235635,-0.002642,0.706336,0.228122,0.051774,0.744451,0.216507,0.029442,0.713453,0.207341,0.006069,0.707781,0.197003,0.058749,0.744783,0.196526,0.036891,0.716286,0.185848,0.015820,0.717138,0.176779,0.062068,0.751146,0.175865,0.041613,0.727559,0.165715,0.021215,0.722353,0.157135,,,
63,2.100,-0.218031,0.955216,0.221725,-0.337890,0.956089,0.217405,-0.098172,0.954343,0.226045,-0.404474,0.550196,0.389595,-0.092544,0.528740,0.358947,-0.364829,0.262437,0.091457,-0.094823,0.122225,0.269483,-0.217246,1.072440,0.223640,-0.219470,1.286272,0.239025,-0.208894,1.526710,0.270274,-0.202814,1.623396,0.307908,-0.246258,1.475957,0.268881,-0.175748,1.473830,0.261420,-0.382947,1.422117,0.296244,-0.042428,1.410115,0.244495,-0.446768,1.138826,0.288317,0.020218,1.125953,0.233977,-0.465327,0.862987,0.347675,0.047284,0.860940,0.328826,-0.384616,0.089472,0.133622,-0.071540,0.037868,0.425778,,,,,,,,,,-0.447879,0.849975,0.359919,-0.422249,0.803174,0.359055,-0.412303,0.769359,0.352364,-0.445776,0.769715,0.361099,-0.432724,0.738292,0.346856,-0.419430,0.721471,0.331071,-0.465452,0.769252,0.344639,-0.453752,0.739253,0.322125,-0.442840,0.724710,0.303297,-0.481482,0.770269,0.330856,-0.471401,0.742277,0.308083,-0.461004,0.732514,0.290092,-0.494287,0.777026,0.314462,-0.484884,0.754400,0.292607,-0.474403,0.745720,0.274406,0.035261,0.851873,0.348747,0.002882,0.810529,0.358245,-0.010662,0.777787,0.352595,0.027495,0.773283,0.363271,0.006441,0.743080,0.361031,-0.015515,0.730252,0.353134,0.038801,0.768311,0.340783,0.017923,0.735612,0.334584,-0.004107,0.727637,0.322905,0.047972,0.765588,0.321902,0.028024,0.734937,0.313750,0.008142,0.733519,0.302364,0.053603,0.768658,0.300991,0.034779,0.743210,0.292280,0.015640,0.736144,0.282252,,,
64,2.133,-0.224713,0.970306,0.277246,-0.344548,0.970868,0.272262,-0.104878,0.969744,0.282230,-0.407265,0.575726,0.469143,-0.104490,0.531197,0.362905,-0.369281,0.228027,0.243474,-0.100001,0.123662,0.278294,-0.224224,1.087538,0.278709,-0.225753,1.301209,0.296259,-0.217628,1.541519,0.329183,-0.214206,1.638182,0.367210,-0.254643,1.490584,0.326122,-0.183894,1.488859,0.321286,-0.391936,1.435378,0.346966,-0.049233,1.426711,0.310142,-0.452946,1.153695,0.310607,0.017354,1.143305,0.315702,-0.483105,0.873736,0.336466,0.030067,0.886799,0.434040,-0.394056,0.072780,0.329326,-0.079093,0.038908,0.434710,,,,,,,,,,-0.466344,0.858633,0.347171,-0.440218,0.812779,0.339244,-0.429097,0.780806,0.327363,-0.463472,0.779568,0.333459,-0.449572,0.749932,0.316456,-0.435124,0.734971,0.299836,-0.482042,0.782228,0.315957,-0.469094,0.755613,0.290117,-0.457027,0.743756,0.270145,-0.497163,0.785834,0.301592,-0.486225,0.761168,0.275598,-0.474931,0.753842,0.257000,-0.508957,0.795563,0.285951,-0.498597,0.777043,0.260899,-0.487236,0.771610,0.241980,0.015267,0.880596,0.453174,-0.018371,0.840611,0.464019,-0.031206,0.807201,0.461481,0.005057,0.804912,0.477982,-0.015134,0.774045,0.477823,-0.035644,0.759398,0.469231,0.019433,0.796842,0.458323,-0.000359,0.763129,0.454411,-0.020525,0.752974,0.441162,0.031194,0.791497,0.441556,0.012804,0.759407,0.435561,-0.005232,0.755702,0.421853,0.039773,0.791522,0.421437,0.022485,0.764629,0.413973,0.005041,0.755718,0.402437,,,
65,2.167,-0.230325,0.981276,0.320254,-0.350209,0.982214,0.316739,-0.110440,0.980337,0.323769,-0.404211,0.590305,0.522466,-0.112601,0.535450,0.353827,-0.371234,0.195475,0.394850,-0.106197,0.129189,0.263416,-0.229493,1.098478,0.323184,-0.230574,1.312051,0.341923,-0.226533,1.552561,0.374133,-0.225524,1.649364,0.411944,-0.262774,1.501127,0.370254,-0.191903,1.500328,0.367367,-0.400447,1.444956,0.385169,-0.055946,1.440354,0.361103,-0.458378,1.167037,0.323571,0.019541,1.159980,0.382921,-0.491302,0.886213,0.326664,0.023901,0.913791,0.521962,-0.399610,0.068968,0.518449,-0.084920,0.045282,0.420238,,,,,,,,,,-0.474877,0.870923,0.337621,-0.445691,0.827225,0.328312,-0.431522,0.797040,0.315073,-0.466465,0.793713,0.317238,-0.449503,0.766004,0.299770,-0.432703,0.752915,0.283794,-0.483362,0.797192,0.298247,-0.466752,0.773306,0.271840,-0.452259,0.763601,0.252325,-0.497186,0.801467,0.282800,-0.482836,0.779354,0.256177,-0.469550,0.773933,0.238254,-0.507907,0.812100,0.266977,-0.494433,0.796288,0.241553,-0.481136,0.793001,0.223418,0.007586,0.907784,0.539889,-0.026548,0.867691,0.548572,-0.039004,0.834170,0.545652,-0.004114,0.832449,0.565095,-0.024146,0.801511,0.563633,-0.043800,0.786671,0.553512,0.011930,0.824172,0.546864,-0.007432,0.790373,0.541730,-0.026382,0.780019,0.526931,0.025103,0.818645,0.531246,0.007380,0.786386,0.524241,-0.009428,0.782403,0.509122,0.035350,0.818403,0.511924,0.018816,0.791321,0.503496,0.002414,0.782168,0.490691,,,
66,2.200,-0.234519,0.983897,0.372774,-0.354423,0.984054,0.369855,-0.114614,0.983741,0.375694,-0.395906,0.584705,0.563845,-0.114182,0.537882,0.369185,-0.373019,0.169086,0.563258,-0.109793,0.134797,0.265422,-0.234471,1.101060,0.377079,-0.234175,1.314547,0.396803,-0.234515,1.555173,0.428394,-0.235732,1.652139,0.465777,-0.269897,1.503236,0.423447,-0.198964,1.503404,0.422966,-0.407634,1.445874,0.431793,-0.061381,1.446914,0.422854,-0.458555,1.173034,0.346033,0.025660,1.171833,0.462067,-0.491139,0.892853,0.326224,0.016808,0.940351,0.624235,-0.406238,0.080141,0.715151,-0.087441,0.051251,0.422287,,,,,,,,,,-0.475291,0.877451,0.337854,-0.443563,0.835478,0.328933,-0.426862,0.806722,0.315469,-0.461736,0.802069,0.313742,-0.442080,0.776093,0.296435,-0.423287,0.764605,0.281481,-0.476766,0.806200,0.293362,-0.456614,0.784624,0.267436,-0.439837,0.776680,0.248983,-0.489129,0.810999,0.276866,-0.471305,0.791143,0.250563,-0.456082,0.787336,0.233803,-0.498628,0.822268,0.260706,-0.481987,0.808588,0.235930,-0.466780,0.806929,0.219122,-0.001280,0.934612,0.640467,-0.035511,0.894155,0.646753,-0.047515,0.860462,0.643920,-0.014465,0.859925,0.666844,-0.034165,0.828908,0.663620,-0.052472,0.813813,0.651539,0.003618,0.851375,0.650776,-0.014846,0.817309,0.644286,-0.031929,0.806472,0.627672,0.018517,0.845603,0.636894,0.001756,0.813091,0.628777,-0.013267,0.808666,0.611994,0.030830,0.844931,0.618829,0.015221,0.817585,0.609534,0.000230,0.808040,0.595358,,,
67,2.233,-0.237743,0.977833,0.422332,-0.357615,0.974446,0.420179,-0.117870,0.981219,0.424484,-0.390471,0.580154,0.625816,-0.107959,0.536000,0.401792,-0.384886,0.175679,0.723960,-0.106918,0.142204,0.266932,-0.241144,1.094909,0.427555,-0.238042,1.308367,0.447340,-0.243643,1.549037,0.478088,-0.246658,1.646158,0.514965,-0.277930,1.496493,0.471980,-0.207042,1.497866,0.474182,-0.415235,1.437554,0.474217,-0.068076,1.445326,0.481123,-0.455122,1.170272,0.367638,0.031121,1.178193,0.540985,-0.483955,0.892068,0.326089,0.013033,0.960910,0.721044,-0.420948,0.126184,0.892292,-0.084575,0.056060,0.422387,,,,,,,,,,-0.469139,0.876424,0.338714,-0.435665,0.835489,0.331522,-0.416816,0.807688,0.318912,-0.451277,0.802509,0.312925,-0.429341,0.777652,0.296754,-0.408802,0.767151,0.283460,-0.464053,0.807321,0.291203,-0.440732,0.787290,0.266736,-0.421871,0.780477,0.249915,-0.474625,0.812666,0.273662,-0.453574,0.794384,0.248633,-0.436521,0.791631,0.233510,-0.482537,0.824509,0.257063,-0.462919,0.812298,0.233739,-0.445897,0.811693,0.218694,-0.006686,0.955795,0.735488,-0.040740,0.915020,0.740564,-0.052667,0.881217,0.738987,-0.021554,0.882662,0.765121,-0.040619,0.851341,0.761110,-0.057275,0.835484,0.747690,-0.001624,0.873532,0.751790,-0.018843,0.838837,0.745205,-0.033757,0.826788,0.727381,0.014849,0.867237,0.740084,-0.000714,0.834136,0.731961,-0.013700,0.828625,0.713852,0.029144,0.865701,0.723601,0.014577,0.837764,0.714376,0.001183,0.827304,0.699277,,,
68,2.267,-0.240682,0.966060,0.477698,-0.360424,0.959191,0.477125,-0.120941,0.972929,0.478271,-0.387935,0.578666,0.707942,-0.101602,0.529484,0.435667,-0.405828,0.193215,0.864056,-0.103730,0.147721,0.269786,-0.247416,1.082967,0.483440,-0.242950,1.296505,0.502073,-0.253096,1.537215,0.531307,-0.257373,1.634475,0.567692,-0.286389,1.484127,0.524451,-0.215630,1.486586,0.528797,-0.423396,1.424525,0.521613,-0.076446,1.436050,0.542728,-0.452312,1.162827,0.398862,0.031433,1.178514,0.625317,-0.477474,0.888019,0.337196,0.005324,0.973556,0.818375,-0.443773,0.184476,1.038898,-0.081144,0.058181,0.423275,,,,,,,,,,-0.463794,0.871812,0.350379,-0.429179,0.831640,0.344380,-0.408779,0.804768,0.332177,-0.442349,0.799635,0.322484,-0.418176,0.776526,0.306919,-0.396123,0.767503,0.295042,-0.452923,0.805561,0.299871,-0.426771,0.787609,0.276685,-0.406152,0.782260,0.261475,-0.461735,0.811801,0.281667,-0.437716,0.795709,0.257835,-0.419125,0.794341,0.244434,-0.468091,0.824498,0.265030,-0.445983,0.814062,0.243113,-0.427527,0.814639,0.229865,-0.015560,0.969262,0.831377,-0.049124,0.928187,0.837227,-0.060652,0.894217,0.837959,-0.031692,0.898854,0.866450,-0.049830,0.866879,0.863416,-0.064869,0.849537,0.849924,-0.010421,0.889083,0.855945,-0.026259,0.853458,0.851085,-0.039170,0.839433,0.833143,0.007199,0.882188,0.846460,-0.007020,0.848135,0.839972,-0.018146,0.840726,0.821311,0.023007,0.879515,0.831581,0.009666,0.850534,0.823838,-0.002182,0.838417,0.808686,,,
69,2.300,-0.244502,0.950876,0.536643,-0.364151,0.942670,0.538214,-0.124854,0.959082,0.535073,-0.388287,0.582562,0.800077,-0.100495,0.519055,0.467136,-0.417955,0.206745,0.976556,-0.104660,0.151323,0.272151,-0.252430,1.067680,0.542942,-0.249019,1.281335,0.560423,-0.261141,1.522116,0.588286,-0.266080,1.619532,0.624163,-0.293985,1.468789,0.581116,-0.223329,1.471708,0.586676,-0.431051,1.409664,0.574135,-0.084742,1.421400,0.606249,-0.452175,1.151953,0.441741,0.028154,1.173140,0.708255,-0.476256,0.881450,0.362977,-0.001947,0.976855,0.909567,-0.455683,0.232059,1.149824,-0.080824,0.060014,0.424404,,,,,,,,,,-0.463321,0.864576,0.376076,-0.428121,0.824919,0.370050,-0.406660,0.798787,0.358065,-0.439666,0.794147,0.345616,-0.413331,0.774231,0.329172,-0.390215,0.767814,0.317628,-0.448836,0.801295,0.322745,-0.420475,0.786454,0.299960,-0.398721,0.783259,0.285761,-0.456528,0.808515,0.304395,-0.430077,0.795518,0.281262,-0.410506,0.796058,0.269269,-0.461911,0.822103,0.288123,-0.438048,0.813555,0.267255,-0.418705,0.815336,0.255459,-0.023408,0.972773,0.921666,-0.055759,0.930963,0.928974,-0.065655,0.896590,0.931791,-0.039073,0.904821,0.961477,-0.055844,0.872005,0.959928,-0.069391,0.853081,0.946993,-0.016868,0.895115,0.953052,-0.030995,0.858558,0.950283,-0.042240,0.842623,0.932820,0.001531,0.888204,0.945194,-0.011027,0.853197,0.940643,-0.020714,0.843911,0.922019,0.018293,0.884989,0.931516,0.006424,0.854964,0.925565,-0.004096,0.841168,0.910876,,,
70,2.333,-0.249392,0.937018,0.598006,-0.369024,0.929057,0.601201,-0.129759,0.944979,0.594810,-0.392800,0.571771,0.866934,-0.104815,0.510307,0.498525,-0.415824,0.195696,1.043855,-0.107189,0.157008,0.278441,-0.256994,1.053836,0.604442,-0.255686,1.267518,0.621872,-0.268858,1.508224,0.649906,-0.274743,1.605668,0.685565,-0.301439,1.454852,0.641925,-0.230926,1.457888,0.649028,-0.438029,1.395292,0.630652,-0.092808,1.408344,0.673299,-0.452766,1.138364,0.495891,0.021770,1.165733,0.786417,-0.476347,0.871872,0.404344,-0.006594,0.972739,0.991134,-0.448572,0.216780,1.218695,-0.082811,0.059634,0.426799,,,,,,,,,,-0.463553,0.854377,0.416749,-0.428004,0.815288,0.409245,-0.406204,0.789976,0.396160,-0.438906,0.785830,0.382965,-0.411811,0.768031,0.365367,-0.388412,0.763224,0.353612,-0.447694,0.794163,0.360347,-0.418540,0.781482,0.337261,-0.396437,0.779711,0.323353,-0.455089,0.802330,0.342275,-0.427782,0.791405,0.319064,-0.407937,0.793117,0.307648,-0.460254,0.816754,0.326665,-0.435767,0.809574,0.306006,-0.416142,0.812155,0.294839,-0.028309,0.968868,1.002842,-0.059681,0.926712,1.012148,-0.068385,0.892256,1.017088,-0.043317,0.903457,1.046929,-0.059116,0.870127,1.047171,-0.071704,0.849961,1.035176,-0.020586,0.893861,1.039894,-0.033516,0.856765,1.039376,-0.043713,0.839276,1.022779,-0.001755,0.886977,1.033109,-0.013186,0.851382,1.030630,-0.021998,0.840558,1.012405,0.015524,0.883317,1.020208,0.004680,0.852603,1.016099,-0.004985,0.837489,1.002138,,,
71,2.367,-0.255290,0.924761,0.662095,-0.375040,0.918800,0.665250,-0.135540,0.930722,0.658940,-0.396406,0.553052,0.919425,-0.114385,0.503799,0.531968,-0.409360,0.169831,1.081403,-0.110023,0.164981,0.290210,-0.261001,1.041782,0.666451,-0.262175,1.255637,0.681636,-0.277380,1.496442,0.707721,-0.285140,1.594114,0.742382,-0.309441,1.442852,0.699117,-0.239187,1.446299,0.708295,-0.444905,1.381344,0.685052,-0.101253,1.398663,0.737023,-0.456777,1.121695,0.555318,0.013857,1.157081,0.851789,-0.480496,0.855970,0.461598,-0.006846,0.960786,1.054274,-0.432942,0.153354,1.258204,-0.084681,0.055366,0.429597,,,,,,,,,,-0.467640,0.837725,0.472799,-0.433321,0.798206,0.462382,-0.412788,0.773063,0.447106,-0.445909,0.770058,0.435429,-0.419938,0.752516,0.415976,-0.397151,0.747767,0.403053,-0.455371,0.779471,0.413517,-0.427409,0.767009,0.388887,-0.405887,0.765258,0.374095,-0.463268,0.788507,0.396082,-0.437096,0.777927,0.371448,-0.417655,0.779656,0.359358,-0.468698,0.803648,0.381261,-0.445080,0.796639,0.359557,-0.425773,0.799138,0.347833,-0.028517,0.957020,1.066099,-0.059006,0.914696,1.077368,-0.066559,0.880237,1.083920,-0.042276,0.893525,1.113287,-0.057186,0.859877,1.115738,-0.069278,0.838665,1.105117,-0.019317,0.884095,1.106791,-0.031282,0.846710,1.108460,-0.041017,0.828015,1.092934,-0.000316,0.877299,1.100401,-0.010737,0.841312,1.099985,-0.019204,0.829213,1.082410,0.017086,0.873391,1.087742,0.007331,0.842137,1.085316,-0.001745,0.825971,1.072161,,,
72,2.400,-0.262345,0.914829,0.729369,-0.382192,0.910260,0.730593,-0.142498,0.919398,0.728145,-0.398863,0.535676,0.971927,-0.125102,0.504499,0.565700,-0.404671,0.143244,1.110586,-0.109332,0.178708,0.307097,-0.266781,1.031951,0.732254,-0.270479,1.246047,0.742980,-0.286607,1.487426,0.762345,-0.296928,1.585677,0.794618,-0.318371,1.433580,0.754250,-0.248403,1.437374,0.765290,-0.453046,1.370718,0.738685,-0.110823,1.391104,0.797708,-0.466985,1.106197,0.619421,0.001795,1.146099,0.907588,-0.492931,0.837262,0.536018,-0.009829,0.941299,1.102222,-0.427078,0.085602,1.278698,-0.082713,0.047596,0.426207,,,,,,,,,,-0.479991,0.818496,0.546218,-0.447643,0.778064,0.533301,-0.429123,0.752620,0.516075,-0.462750,0.750640,0.506902,-0.438583,0.732631,0.485635,-0.416808,0.727398,0.471238,-0.473242,0.760600,0.485713,-0.447128,0.747583,0.459401,-0.426552,0.745353,0.443377,-0.481911,0.770082,0.468892,-0.457564,0.759032,0.442645,-0.438827,0.760324,0.429439,-0.487763,0.785558,0.454587,-0.465581,0.777950,0.431608,-0.446860,0.779892,0.418869,-0.031466,0.937664,1.114149,-0.061797,0.895438,1.126188,-0.068437,0.860893,1.133257,-0.044934,0.874932,1.162428,-0.059238,0.841233,1.166942,-0.071180,0.819299,1.157710,-0.021956,0.865467,1.156050,-0.033426,0.828046,1.159474,-0.043099,0.808563,1.144909,-0.002945,0.858626,1.149741,-0.012691,0.822464,1.150854,-0.021053,0.809512,1.133847,0.014448,0.854560,1.137117,0.005528,0.822999,1.135644,-0.003141,0.806262,1.122935,,,
73,2.433,-0.272018,0.908690,0.793646,-0.391905,0.905303,0.792588,-0.152130,0.912076,0.794704,-0.412688,0.534941,1.040039,-0.126736,0.496329,0.635512,-0.410145,0.129571,1.134547,-0.105580,0.196687,0.347362,-0.275341,1.025875,0.795178,-0.282165,1.240031,0.802670,-0.296046,1.481994,0.815316,-0.308432,1.580871,0.844837,-0.328265,1.428266,0.808317,-0.258390,1.431666,0.820051,-0.463146,1.365781,0.793017,-0.121492,1.384618,0.854192,-0.485563,1.096602,0.686108,-0.014792,1.131716,0.951351,-0.518252,0.823668,0.619820,-0.017467,0.914133,1.131935,-0.433426,0.041869,1.288989,-0.078315,0.037601,0.425044,,,,,,,,,,-0.505250,0.805182,0.630442,-0.473741,0.763841,0.618355,-0.456236,0.737592,0.601274,-0.489889,0.735534,0.593552,-0.466486,0.716653,0.572188,-0.445203,0.710774,0.557313,-0.500852,0.744735,0.572258,-0.475493,0.730448,0.545866,-0.455335,0.727397,0.529451,-0.509875,0.753618,0.555297,-0.486286,0.741243,0.528949,-0.467870,0.741784,0.515250,-0.515944,0.768558,0.540520,-0.494196,0.759472,0.517664,-0.475637,0.760455,0.504584,-0.039111,0.910788,1.143933,-0.070312,0.869060,1.155475,-0.077995,0.834637,1.162062,-0.053704,0.847596,1.191277,-0.068334,0.814141,1.196503,-0.080738,0.792242,1.187814,-0.030981,0.837725,1.184606,-0.042976,0.800503,1.188382,-0.053155,0.781039,1.174139,-0.012165,0.830565,1.178072,-0.022328,0.794524,1.179376,-0.031024,0.781618,1.162501,0.005059,0.826317,1.165278,-0.004170,0.794855,1.163604,-0.013075,0.778240,1.150898,,,
74,2.467,-0.283194,0.906012,0.854808,-0.403069,0.903240,0.852004,-0.163319,0.908784,0.857612,-0.433125,0.546301,1.117567,-0.115446,0.479211,0.748031,-0.417424,0.130846,1.137927,-0.097116,0.222515,0.420869,-0.285908,1.023222,0.854996,-0.293384,1.237410,0.860785,-0.307312,1.479537,0.869687,-0.321001,1.578749,0.897456,-0.339529,1.425697,0.863586,-0.269633,1.429298,0.875133,-0.474205,1.362159,0.851066,-0.132676,1.382183,0.908946,-0.505603,1.088644,0.758366,-0.027874,1.121404,0.985066,-0.542905,0.811737,0.714938,-0.017811,0.888775,1.145512,-0.443325,0.043427,1.292112,-0.078674,0.044530,0.429074,,,,,,,,,,-0.529890,0.794348,0.727260,-0.498883,0.751678,0.719145,-0.482385,0.723817,0.703694,-0.515616,0.721075,0.697682,-0.492905,0.699873,0.677800,-0.472048,0.692256,0.663111,-0.526823,0.728091,0.675694,-0.501943,0.710908,0.650606,-0.482043,0.705985,0.634330,-0.536028,0.735227,0.658022,-0.513034,0.719808,0.632777,-0.494856,0.718639,0.618802,-0.542201,0.748589,0.641843,-0.520541,0.736680,0.620234,-0.501976,0.735893,0.607149,-0.039122,0.884801,1.157907,-0.070048,0.842519,1.168095,-0.078156,0.807936,1.173158,-0.052494,0.819209,1.202252,-0.066826,0.785484,1.206469,-0.079422,0.763918,1.197239,-0.029974,0.809706,1.194453,-0.041680,0.772296,1.197107,-0.052229,0.753307,1.182496,-0.011353,0.802901,1.187038,-0.021389,0.766803,1.186957,-0.030542,0.754641,1.169773,0.005509,0.799334,1.173572,-0.003701,0.767962,1.170611,-0.012920,0.751928,1.157393,,,
75,2.500,-0.293513,0.907539,0.914714,-0.413340,0.905266,0.910037,-0.173685,0.909812,0.919392,-0.447791,0.544919,1.170413,-0.107691,0.470228,0.884127,-0.421880,0.130499,1.141292,-0.094060,0.261680,0.524148,-0.295699,1.024757,0.913759,-0.302345,1.238994,0.918648,-0.315609,1.481192,0.926594,-0.329799,1.580410,0.954087,-0.348019,1.427401,0.921120,-0.277984,1.430890,0.931831,-0.482548,1.362967,0.912092,-0.140806,1.383042,0.963658,-0.523196,1.085470,0.836374,-0.040104,1.115401,1.018534,-0.563088,0.805962,0.820920,-0.021639,0.870118,1.158018,-0.449302,0.043142,1.295249,-0.074632,0.088212,0.483926,,,,,,,,,,-0.550304,0.789723,0.834937,-0.520371,0.745698,0.831223,-0.505655,0.716158,0.817152,-0.538068,0.713334,0.813429,-0.516552,0.689151,0.795741,-0.496300,0.679092,0.781688,-0.549404,0.718165,0.790925,-0.525356,0.697607,0.767627,-0.505836,0.690348,0.751772,-0.558680,0.723539,0.772675,-0.536782,0.704463,0.749004,-0.518964,0.701012,0.734942,-0.564765,0.735192,0.755195,-0.543498,0.720214,0.735162,-0.525014,0.717341,0.722256,-0.042598,0.865393,1.170745,-0.073448,0.822632,1.178975,-0.081208,0.787720,1.181858,-0.055027,0.797004,1.210946,-0.069426,0.763105,1.212973,-0.082366,0.742345,1.202460,-0.032801,0.787968,1.201857,-0.044500,0.750466,1.202386,-0.055521,0.732477,1.186886,-0.014445,0.781613,1.193450,-0.024660,0.745636,1.191172,-0.034367,0.734711,1.173470,0.001993,0.778902,1.179278,-0.007388,0.747785,1.174636,-0.017047,0.732617,1.160730,,,
76,2.533,-0.302436,0.912444,0.973042,-0.422142,0.910867,0.965729,-0.182729,0.914021,0.980356,-0.457373,0.538985,1.209235,-0.112967,0.475383,1.019890,-0.425818,0.128662,1.146762,-0.100954,0.289533,0.647628,-0.303858,1.029660,0.971058,-0.309017,1.243948,0.975525,-0.319585,1.486218,0.985131,-0.332695,1.585333,1.013517,-0.352688,1.432783,0.980365,-0.282329,1.435516,0.988959,-0.487281,1.368037,0.975453,-0.144718,1.386229,1.016423,-0.535954,1.087199,0.919323,-0.051463,1.113256,1.056081,-0.576540,0.807827,0.935418,-0.024247,0.858146,1.174987,-0.455111,0.041791,1.300650,-0.063412,0.119919,0.603948,,,,,,,,,,-0.563833,0.792795,0.950787,-0.534729,0.748063,0.951005,-0.521300,0.717108,0.938815,-0.553249,0.714456,0.936693,-0.532818,0.687806,0.921432,-0.513137,0.675608,0.908290,-0.564833,0.717281,0.913976,-0.541759,0.693747,0.892587,-0.522722,0.684333,0.877288,-0.574285,0.721023,0.895411,-0.553362,0.698930,0.873550,-0.535907,0.693502,0.859659,-0.580426,0.731028,0.876956,-0.559793,0.713669,0.858223,-0.541581,0.709127,0.845411,-0.044889,0.852526,1.187870,-0.075605,0.809291,1.193798,-0.082158,0.774015,1.194086,-0.056435,0.781438,1.223378,-0.070891,0.747504,1.223036,-0.084120,0.727671,1.211179,-0.034463,0.773072,1.213107,-0.046209,0.735631,1.211141,-0.057633,0.718865,1.194597,-0.016337,0.767331,1.203805,-0.026645,0.731613,1.199131,-0.036792,0.722027,1.180908,-0.000267,0.765639,1.189065,-0.009578,0.734837,1.182553,-0.019489,0.720578,1.167882,,,
77,2.567,-0.309278,0.920927,1.030128,-0.428832,0.920093,1.020545,-0.189725,0.921761,1.039710,-0.459800,0.530592,1.235400,-0.123077,0.494285,1.147670,-0.427660,0.124315,1.150730,-0.113755,0.292764,0.783574,-0.309866,1.038132,1.027267,-0.313515,1.252452,1.031683,-0.321274,1.494719,1.043744,-0.331794,1.593777,1.073378,-0.355082,1.441632,1.040188,-0.284362,1.443646,1.045322,-0.489706,1.376791,1.042029,-0.146054,1.392820,1.065516,-0.543562,1.093350,1.008104,-0.059849,1.115791,1.090162,-0.579863,0.817465,1.058350,-0.020315,0.853326,1.187679,-0.457965,0.037089,1.304220,-0.069540,0.120663,0.760932,,,,,,,,,,-0.566543,0.804060,1.074676,-0.537866,0.759216,1.078501,-0.525308,0.726903,1.069267,-0.557374,0.724493,1.068963,-0.537982,0.695838,1.056180,-0.519061,0.681792,1.043789,-0.570047,0.724932,1.046659,-0.548374,0.698675,1.027049,-0.530247,0.687215,1.012043,-0.580375,0.726716,1.028270,-0.560599,0.702219,1.007959,-0.543845,0.695187,0.993924,-0.587336,0.734686,1.009129,-0.567863,0.715292,0.991167,-0.550402,0.709315,0.977905,-0.040031,0.846376,1.201339,-0.069744,0.802272,1.205805,-0.074849,0.766833,1.203483,-0.048389,0.772601,1.231918,-0.062237,0.738452,1.230284,-0.075892,0.719163,1.218020,-0.026997,0.765434,1.219699,-0.038415,0.728060,1.215642,-0.050676,0.712413,1.198609,-0.009417,0.760741,1.208885,-0.019374,0.725223,1.202314,-0.030490,0.716745,1.184108,0.005716,0.760461,1.193096,-0.003248,0.730013,1.184708,-0.013686,0.716694,1.169527,,,
78,2.600,-0.313041,0.931800,1.086005,-0.432512,0.931697,1.075416,-0.193569,0.931902,1.096594,-0.454868,0.523441,1.253349,-0.128756,0.522841,1.261824,-0.426900,0.119897,1.155200,-0.127377,0.284540,0.920541,-0.312834,1.048990,1.082538,-0.315543,1.263326,1.086845,-0.321320,1.505586,1.100081,-0.328828,1.604609,1.130734,-0.355558,1.452688,1.098246,-0.284652,1.454319,1.099442,-0.490168,1.388645,1.108742,-0.145870,1.402082,1.110894,-0.546844,1.103937,1.097837,-0.064951,1.122424,1.116114,-0.571316,0.835343,1.182769,-0.012954,0.854210,1.189042,-0.456418,0.032710,1.308866,-0.091982,0.109091,0.927693,,,,,,,,,,-0.556556,0.823996,1.199413,-0.527604,0.779707,1.206364,-0.515290,0.746443,1.200978,-0.547862,0.744259,1.203159,-0.529302,0.714198,1.192556,-0.511342,0.698678,1.180499,-0.562506,0.741976,1.182216,-0.542528,0.713331,1.164215,-0.525751,0.699967,1.149214,-0.574462,0.741502,1.164757,-0.556115,0.714982,1.145683,-0.540529,0.706524,1.131100,-0.583139,0.747031,1.145456,-0.565437,0.725461,1.128155,-0.549306,0.717840,1.114078,-0.030873,0.845610,1.204162,-0.059451,0.800688,1.207796,-0.064338,0.765517,1.202645,-0.034916,0.769137,1.228311,-0.048078,0.734767,1.225856,-0.062737,0.715994,1.213955,-0.015035,0.763584,1.213074,-0.026462,0.726473,1.207090,-0.040500,0.712087,1.190319,0.001202,0.760285,1.199903,-0.008798,0.725162,1.191523,-0.021829,0.717921,1.174066,0.014387,0.761795,1.182517,0.005158,0.731996,1.172288,-0.006662,0.719847,1.157139,,,
79,2.633,-0.313021,0.944216,1.141791,-0.432447,0.944940,1.130727,-0.193595,0.943493,1.152855,-0.447366,0.520585,1.266863,-0.134957,0.556302,1.366108,-0.425181,0.119264,1.158637,-0.138962,0.273710,1.060512,-0.311960,1.061392,1.137999,-0.315087,1.275738,1.141395,-0.318310,1.518067,1.154261,-0.322886,1.617071,1.185543,-0.353004,1.465434,1.154322,-0.282119,1.466512,1.151883,-0.487610,1.403379,1.173340,-0.143610,1.412435,1.155224,-0.546982,1.119229,1.184440,-0.068778,1.131453,1.139968,-0.553839,0.862466,1.302681,-0.010862,0.858995,1.188682,-0.453660,0.032491,1.312733,-0.111294,0.103320,1.108348,,,,,,,,,,-0.537041,0.853399,1.318782,-0.506690,0.810454,1.327871,-0.493334,0.777187,1.326433,-0.526547,0.774833,1.331626,-0.508491,0.743845,1.323007,-0.491569,0.727075,1.311123,-0.543487,0.769830,1.313018,-0.525166,0.739174,1.296638,-0.509971,0.724048,1.281625,-0.557385,0.767078,1.297293,-0.540642,0.738627,1.279573,-0.526600,0.728636,1.264403,-0.568347,0.770050,1.278601,-0.552578,0.746378,1.262202,-0.538148,0.737003,1.247357,-0.026893,0.849210,1.205141,-0.056174,0.804691,1.208080,-0.062902,0.770343,1.200187,-0.030174,0.770737,1.221840,-0.044246,0.736838,1.218183,-0.060786,0.719356,1.206790,-0.012670,0.766422,1.203584,-0.025893,0.730273,1.195711,-0.042470,0.717819,1.179729,0.001569,0.764203,1.188081,-0.010280,0.730152,1.177883,-0.025678,0.724765,1.161733,0.012382,0.767260,1.169316,0.001257,0.738728,1.157483,-0.012663,0.728220,1.142902,,,
80,2.667,-0.312417,0.955432,1.198269,-0.431759,0.957000,1.186416,-0.193074,0.953863,1.210121,-0.439211,0.520053,1.275040,-0.140867,0.590302,1.462965,-0.422940,0.121008,1.157727,-0.146080,0.259925,1.209810,-0.310508,1.072599,1.194560,-0.313967,1.286946,1.197566,-0.313902,1.529296,1.210434,-0.315421,1.628199,1.242331,-0.349133,1.477050,1.212166,-0.278436,1.477344,1.206376,-0.483568,1.417367,1.238562,-0.140807,1.421115,1.202249,-0.545949,1.135353,1.269648,-0.072958,1.140260,1.166185,-0.528504,0.895268,1.418006,-0.014124,0.864879,1.191956,-0.450195,0.033471,1.311612,-0.120374,0.108608,1.302161,,,,,,,,,,-0.509382,0.888881,1.432743,-0.475929,0.848536,1.442799,-0.460507,0.816165,1.443988,-0.493270,0.812940,1.453259,-0.474662,0.781803,1.446565,-0.458327,0.764270,1.434963,-0.512108,0.805059,1.437725,-0.494367,0.773218,1.423058,-0.480352,0.756835,1.408216,-0.527690,0.799878,1.424371,-0.511870,0.769879,1.408447,-0.499304,0.758438,1.393009,-0.541033,0.800117,1.407042,-0.526321,0.775046,1.391778,-0.513418,0.764335,1.376439,-0.028738,0.854259,1.209198,-0.060288,0.811267,1.211270,-0.070053,0.778342,1.200880,-0.035109,0.774739,1.218343,-0.051579,0.742152,1.213108,-0.070380,0.726817,1.202139,-0.020150,0.771471,1.197756,-0.036508,0.737092,1.188054,-0.055601,0.727273,1.173075,-0.007974,0.770163,1.180492,-0.023089,0.738033,1.168530,-0.040571,0.735181,1.153930,0.000769,0.774617,1.160944,-0.013370,0.748058,1.147809,-0.029490,0.739823,1.134057,,,
81,2.700,-0.311977,0.962409,1.253525,-0.431212,0.964718,1.240747,-0.192742,0.960101,1.266303,-0.430744,0.520681,1.281540,-0.145798,0.619284,1.549980,-0.420891,0.123916,1.156067,-0.149327,0.244846,1.368189,-0.309379,1.079582,1.250448,-0.313097,1.293899,1.254924,-0.309267,1.536121,1.269515,-0.307832,1.634769,1.302194,-0.345069,1.484319,1.272461,-0.274706,1.483752,1.263485,-0.479123,1.427008,1.305266,-0.138276,1.425699,1.251785,-0.545943,1.148402,1.353263,-0.077967,1.146712,1.194227,-0.496220,0.929991,1.525831,-0.021916,0.869592,1.199079,-0.446794,0.035963,1.309948,-0.121569,0.125467,1.498820,,,,,,,,,,-0.475240,0.926548,1.538931,-0.438563,0.889474,1.550259,-0.420902,0.858480,1.554083,-0.452515,0.854965,1.567340,-0.432850,0.824046,1.563115,-0.416772,0.805745,1.552373,-0.472463,0.844195,1.555325,-0.454536,0.811371,1.543286,-0.441242,0.793642,1.529356,-0.489097,0.836539,1.544710,-0.473455,0.805145,1.531540,-0.462012,0.792050,1.516550,-0.504270,0.833789,1.529199,-0.489922,0.807399,1.515946,-0.478189,0.795134,1.500832,-0.035689,0.857963,1.216362,-0.069580,0.816742,1.216780,-0.082167,0.785702,1.203915,-0.046232,0.778373,1.217778,-0.065209,0.747579,1.210554,-0.085816,0.734680,1.199695,-0.033261,0.776560,1.195716,-0.052550,0.744413,1.183966,-0.073408,0.737374,1.169797,-0.022660,0.776481,1.177396,-0.040809,0.746778,1.163534,-0.059595,0.746545,1.150343,-0.015302,0.782552,1.157714,-0.032162,0.758379,1.143249,-0.049876,0.752584,1.130233,,,
82,2.733,-0.310430,0.965292,1.308112,-0.429593,0.968302,1.294819,-0.191267,0.962281,1.321405,-0.425598,0.522420,1.292470,-0.154525,0.636116,1.623230,-0.419103,0.129602,1.154938,-0.147591,0.230159,1.531499,-0.307267,1.082477,1.306301,-0.311929,1.296712,1.313162,-0.303663,1.538650,1.330384,-0.299816,1.636950,1.363907,-0.340122,1.487370,1.334242,-0.270218,1.485837,1.322291,-0.473651,1.432539,1.372908,-0.135237,1.426445,1.302974,-0.546456,1.158585,1.436452,-0.083592,1.150854,1.224449,-0.462371,0.964020,1.623614,-0.032703,0.873037,1.210737,-0.443633,0.041166,1.308767,-0.119123,0.143310,1.685554,,,,,,,,,,-0.440063,0.963178,1.634806,-0.401058,0.929200,1.647923,-0.381626,0.899835,1.654799,-0.411904,0.897611,1.671623,-0.391582,0.866860,1.670192,-0.375984,0.847450,1.660772,-0.432539,0.884624,1.663636,-0.414586,0.850706,1.655210,-0.402030,0.831259,1.642993,-0.449857,0.875007,1.656181,-0.434424,0.842216,1.646678,-0.424038,0.827098,1.632868,-0.466401,0.869471,1.642988,-0.452311,0.841609,1.632832,-0.441587,0.827295,1.618812,-0.045760,0.860061,1.227612,-0.081330,0.820309,1.226020,-0.096187,0.791371,1.210880,-0.059685,0.781246,1.221139,-0.080711,0.752394,1.211861,-0.102643,0.741770,1.201133,-0.048348,0.781433,1.198124,-0.069896,0.751623,1.184317,-0.091979,0.747089,1.171009,-0.039040,0.783013,1.179179,-0.059566,0.755852,1.163532,-0.079218,0.757880,1.151843,-0.032787,0.790969,1.159789,-0.051829,0.769272,1.144154,-0.070702,0.765677,1.132001,,,
83,2.767,-0.308679,0.964849,1.364504,-0.427678,0.970330,1.350552,-0.189679,0.959368,1.378456,-0.425664,0.526857,1.304068,-0.168808,0.629231,1.677466,-0.419928,0.138636,1.154019,-0.144956,0.213794,1.687787,-0.303288,1.081966,1.364537,-0.310275,1.296080,1.373044,-0.296842,1.537564,1.393139,-0.291172,1.635427,1.427666,-0.334077,1.486904,1.397718,-0.264722,1.484270,1.383065,-0.466891,1.434639,1.441994,-0.131497,1.423672,1.356625,-0.546421,1.166969,1.522102,-0.089895,1.152317,1.259572,-0.432629,0.994093,1.714769,-0.045477,0.874674,1.229543,-0.443072,0.048350,1.306986,-0.116804,0.162035,1.856945,,,,,,,,,,-0.409399,0.995307,1.723855,-0.368579,0.964307,1.738710,-0.347500,0.936974,1.748495,-0.376515,0.936956,1.768142,-0.355726,0.906554,1.770182,-0.340562,0.885930,1.762868,-0.397462,0.922646,1.764306,-0.379445,0.887967,1.760246,-0.367482,0.866837,1.750472,-0.415139,0.911776,1.760140,-0.399805,0.877983,1.754977,-0.390292,0.860835,1.743037,-0.432653,0.903995,1.749600,-0.418623,0.875024,1.743133,-0.408676,0.858682,1.730866,-0.057717,0.860344,1.245928,-0.094727,0.822013,1.242943,-0.111861,0.795261,1.226265,-0.074934,0.783098,1.232354,-0.097957,0.756352,1.221623,-0.121102,0.747918,1.211518,-0.065325,0.785423,1.208679,-0.088983,0.757995,1.193459,-0.112138,0.755645,1.181474,-0.057388,0.788754,1.189342,-0.080164,0.764183,1.172566,-0.100537,0.768130,1.162754,-0.052298,0.798557,1.170464,-0.073321,0.779236,1.154260,-0.093188,0.777453,1.143355,,,
84,2.800,-0.307250,0.960298,1.423104,-0.426004,0.968018,1.408153,-0.188497,0.952577,1.438055,-0.427355,0.529530,1.327166,-0.177419,0.602996,1.714647,-0.420924,0.150754,1.154681,-0.145317,0.198598,1.807895,-0.299913,1.077290,1.425238,-0.308224,1.291322,1.434569,-0.291143,1.532417,1.456487,-0.284452,1.629968,1.491708,-0.328873,1.482184,1.461675,-0.260008,1.478826,1.445000,-0.460303,1.430807,1.510849,-0.128246,1.417875,1.412686,-0.545400,1.170547,1.607871,-0.095431,1.150641,1.301814,-0.404724,1.017686,1.799701,-0.056306,0.873869,1.259066,-0.443395,0.057473,1.305942,-0.118497,0.183198,1.984331,,,,,,,,,,-0.381220,1.020877,1.807515,-0.339073,0.993639,1.825672,-0.316319,0.969275,1.838932,-0.345200,0.971450,1.859544,-0.323491,0.942433,1.866428,-0.307918,0.921195,1.862523,-0.365881,0.956277,1.858994,-0.347033,0.921842,1.860654,-0.334766,0.899566,1.854459,-0.383401,0.944506,1.857412,-0.367330,0.910664,1.857866,-0.357724,0.891854,1.848865,-0.401072,0.934714,1.849030,-0.386387,0.905405,1.847223,-0.376345,0.887403,1.837651,-0.067787,0.858410,1.274966,-0.106048,0.821387,1.271302,-0.125211,0.796631,1.253772,-0.088223,0.783133,1.255902,-0.113034,0.758350,1.244465,-0.137165,0.751749,1.235351,-0.080238,0.787361,1.231889,-0.105751,0.762069,1.215983,-0.129742,0.761444,1.205525,-0.073584,0.792238,1.212396,-0.098340,0.769981,1.195201,-0.119212,0.775389,1.187324,-0.069542,0.803584,1.194139,-0.092307,0.786330,1.177957,-0.112963,0.785988,1.168471,,,
85,2.833,-0.306930,0.950993,1.484497,-0.425540,0.959824,1.469028,-0.188320,0.942162,1.499966,-0.424315,0.531773,1.344112,-0.175518,0.562468,1.733421,-0.422223,0.158369,1.160187,-0.149266,0.179700,1.894862,-0.298791,1.067872,1.488818,-0.305345,1.281883,1.499866,-0.286700,1.522736,1.523121,-0.279523,1.620161,1.558595,-0.324592,1.472655,1.528588,-0.256026,1.469073,1.510766,-0.454837,1.421255,1.580797,-0.125278,1.408565,1.473833,-0.544200,1.168446,1.692562,-0.099117,1.144604,1.353734,-0.384466,1.030002,1.880375,-0.063444,0.869115,1.300876,-0.443632,0.061957,1.309628,-0.128929,0.181077,2.072824,,,,,,,,,,-0.361124,1.035397,1.887423,-0.317776,1.013173,1.909220,-0.293234,0.992822,1.925672,-0.322869,0.996207,1.946145,-0.299746,0.970049,1.958049,-0.283002,0.949350,1.957963,-0.342846,0.980227,1.948091,-0.322447,0.947475,1.955504,-0.309113,0.925077,1.953135,-0.359819,0.967587,1.948473,-0.342261,0.935060,1.954593,-0.331765,0.915459,1.948869,-0.377038,0.955848,1.941832,-0.361133,0.927273,1.944740,-0.350314,0.908395,1.938179,-0.074266,0.852496,1.316052,-0.113265,0.816356,1.311487,-0.133860,0.793357,1.293203,-0.096952,0.779343,1.291939,-0.122923,0.756093,1.279875,-0.147672,0.750739,1.271642,-0.090256,0.785497,1.267948,-0.116982,0.761935,1.251391,-0.141512,0.762481,1.242265,-0.084626,0.791931,1.248585,-0.110718,0.771556,1.231037,-0.131903,0.777888,1.224868,-0.081429,0.804735,1.231143,-0.105455,0.789220,1.215024,-0.126654,0.790010,1.206852,,,
86,2.867,-0.303501,0.936733,1.543098,-0.422184,0.944910,1.527835,-0.184817,0.928556,1.558361,-0.416500,0.528705,1.367917,-0.175156,0.550071,1.793921,-0.422590,0.168258,1.159821,-0.153734,0.162943,1.945370,-0.296029,1.053648,1.547634,-0.300667,1.267642,1.559920,-0.281090,1.508287,1.584526,-0.273294,1.605671,1.619981,-0.319083,1.458285,1.590013,-0.250689,1.454612,1.571562,-0.449127,1.407626,1.643433,-0.120793,1.394086,1.531765,-0.541157,1.160016,1.764302,-0.098751,1.131684,1.407493,-0.374029,1.027159,1.949700,-0.064854,0.857503,1.347192,-0.443090,0.062050,1.302600,-0.133696,0.151034,2.122973,,,,,,,,,,-0.350876,1.034241,1.955816,-0.306361,1.016236,1.979102,-0.281157,0.998361,1.997332,-0.310309,1.002918,2.017628,-0.286081,0.978579,2.031090,-0.268687,0.958461,2.032318,-0.329539,0.986376,2.021483,-0.307661,0.955271,2.031361,-0.293454,0.933298,2.030726,-0.345932,0.973124,2.023397,-0.326873,0.942043,2.032029,-0.315640,0.922460,2.027854,-0.362683,0.960041,2.018238,-0.345386,0.932663,2.023643,-0.333756,0.913754,2.018779,-0.075451,0.839792,1.361250,-0.115116,0.804659,1.354903,-0.136653,0.783531,1.335482,-0.099979,0.769239,1.331782,-0.126640,0.747417,1.318609,-0.151698,0.743064,1.310728,-0.093936,0.777326,1.308194,-0.121362,0.755461,1.290492,-0.146132,0.756967,1.282156,-0.088812,0.785310,1.289274,-0.115670,0.766787,1.270852,-0.136941,0.773834,1.265869,-0.085963,0.799509,1.272883,-0.110633,0.785630,1.256252,-0.132046,0.787255,1.248792,,,
87,2.900,-0.298894,0.923658,1.602458,-0.417850,0.928790,1.588008,-0.179938,0.918526,1.616907,-0.406779,0.519294,1.411876,-0.175561,0.556555,1.877274,-0.419931,0.178272,1.173560,-0.157672,0.155329,1.986640,-0.294121,1.040780,1.604768,-0.297112,1.254851,1.616190,-0.276077,1.495409,1.640442,-0.266950,1.592899,1.675281,-0.314325,1.445626,1.646152,-0.246035,1.441550,1.627402,-0.444877,1.396544,1.699806,-0.117104,1.379437,1.586918,-0.540240,1.149554,1.819354,-0.095552,1.115565,1.465712,-0.378755,1.013955,2.007743,-0.061870,0.841466,1.404919,-0.441673,0.055415,1.302088,-0.133750,0.113240,2.159100,,,,,,,,,,-0.355720,1.021260,2.014044,-0.311487,1.003938,2.038361,-0.287543,0.985580,2.057773,-0.315952,0.991433,2.077103,-0.292061,0.966606,2.090272,-0.275005,0.946188,2.091274,-0.335175,0.974901,2.081030,-0.313400,0.943750,2.090988,-0.299259,0.921732,2.090411,-0.351545,0.961627,2.082989,-0.332502,0.930594,2.091826,-0.321240,0.911003,2.087768,-0.368170,0.948369,2.077868,-0.350634,0.921255,2.083807,-0.338759,0.902403,2.079326,-0.072825,0.823184,1.417933,-0.113066,0.789158,1.409515,-0.135049,0.769419,1.389155,-0.098452,0.754827,1.384493,-0.125379,0.734236,1.369950,-0.150447,0.730728,1.361688,-0.092179,0.764113,1.361412,-0.119743,0.743612,1.342345,-0.144431,0.745857,1.333931,-0.086845,0.773052,1.342983,-0.113810,0.755936,1.323392,-0.134957,0.763503,1.318651,-0.083688,0.788093,1.327420,-0.108484,0.775465,1.309998,-0.129839,0.777709,1.302536,,,
88,2.933,-0.294695,0.914736,1.665334,-0.413828,0.918014,1.651839,-0.175562,0.911458,1.678830,-0.409386,0.507025,1.478918,-0.166855,0.558539,1.951236,-0.415795,0.196964,1.201277,-0.159005,0.146324,2.008514,-0.291650,1.031927,1.666918,-0.292352,1.246083,1.677051,-0.271776,1.486975,1.698179,-0.260188,1.584644,1.731764,-0.309844,1.437167,1.704802,-0.241692,1.433038,1.685567,-0.440390,1.388724,1.759046,-0.113471,1.369359,1.645262,-0.536011,1.136522,1.866938,-0.085641,1.101300,1.535018,-0.388324,0.991150,2.059320,-0.047190,0.825889,1.483725,-0.443215,0.048654,1.297913,-0.139436,0.078102,2.172980,,,,,,,,,,-0.365813,0.998222,2.067496,-0.323493,0.980127,2.094508,-0.302375,0.960061,2.115449,-0.330800,0.966566,2.132455,-0.308026,0.941211,2.146564,-0.291169,0.920668,2.148179,-0.350266,0.949978,2.134498,-0.329372,0.918331,2.144778,-0.315329,0.896246,2.144366,-0.366740,0.936694,2.134879,-0.348557,0.905311,2.144272,-0.337110,0.885762,2.140540,-0.382948,0.923623,2.128183,-0.365848,0.896295,2.134407,-0.353672,0.877581,2.130162,-0.058721,0.807434,1.495975,-0.098705,0.773718,1.485367,-0.120187,0.754243,1.464234,-0.083211,0.739756,1.460371,-0.110047,0.720078,1.444460,-0.134871,0.717254,1.435253,-0.075983,0.749405,1.437723,-0.102980,0.729572,1.417195,-0.127296,0.732209,1.407864,-0.069881,0.758632,1.419678,-0.096392,0.742234,1.398890,-0.117289,0.750115,1.393586,-0.066049,0.773921,1.404514,-0.090600,0.761768,1.386420,-0.111772,0.764269,1.378528,,,
89,2.967,-0.287321,0.910984,1.727019,-0.406650,0.913229,1.715144,-0.167991,0.908739,1.738893,-0.429164,0.488166,1.582301,-0.152795,0.556246,2.011566,-0.417228,0.219359,1.264711,-0.156533,0.140139,2.021803,-0.285247,1.028200,1.728347,-0.286041,1.242413,1.737178,-0.264110,1.483405,1.755634,-0.250357,1.581166,1.788117,-0.302334,1.433849,1.763180,-0.234419,1.429200,1.743239,-0.433191,1.386987,1.818061,-0.107576,1.362797,1.702966,-0.528615,1.127012,1.905794,-0.073614,1.089767,1.607652,-0.403815,0.960027,2.096833,-0.032074,0.812110,1.573867,-0.441679,0.044429,1.294506,-0.136781,0.058129,2.179823,,,,,,,,,,-0.382247,0.965971,2.107929,-0.343592,0.945076,2.138214,-0.326295,0.922445,2.160026,-0.355389,0.929272,2.174106,-0.335029,0.902362,2.189003,-0.318973,0.881234,2.191151,-0.375262,0.913093,2.172841,-0.356370,0.880248,2.183235,-0.342856,0.857834,2.182909,-0.391913,0.900242,2.170484,-0.375577,0.867835,2.179798,-0.364182,0.848242,2.176143,-0.407497,0.888055,2.161156,-0.391647,0.859922,2.167097,-0.379406,0.841255,2.162833,-0.044572,0.794041,1.585738,-0.084140,0.760466,1.573286,-0.104227,0.740822,1.550971,-0.067421,0.725812,1.550095,-0.094479,0.707416,1.533066,-0.118942,0.705782,1.522682,-0.058636,0.734885,1.527761,-0.085171,0.715778,1.505980,-0.108832,0.719211,1.495317,-0.051278,0.743649,1.509956,-0.077458,0.727913,1.488256,-0.097821,0.736428,1.481948,-0.046308,0.758559,1.494744,-0.070497,0.746517,1.476097,-0.091331,0.749472,1.467494,,,
90,3.000,-0.280471,0.910801,1.785935,-0.400006,0.912757,1.776291,-0.160935,0.908845,1.795580,-0.451053,0.474679,1.710602,-0.139865,0.548441,2.057300,-0.429641,0.256440,1.356799,-0.154744,0.133604,2.026428,-0.278669,1.028020,1.787377,-0.280611,1.242231,1.796073,-0.260176,1.483410,1.813795,-0.245752,1.581224,1.845822,-0.298115,1.433648,1.821424,-0.230133,1.429347,1.801634,-0.429147,1.386649,1.875767,-0.103598,1.361931,1.762083,-0.519446,1.119131,1.944105,-0.061276,1.084907,1.683023,-0.421451,0.924074,2.123842,-0.015594,0.806053,1.672332,-0.444963,0.080441,1.327209,-0.132445,0.048658,2.182547,,,,,,,,,,-0.401223,0.927927,2.137970,-0.367022,0.902360,2.169979,-0.353104,0.876784,2.190940,-0.383435,0.883192,2.202235,-0.365917,0.853976,2.216384,-0.350906,0.832053,2.218073,-0.403420,0.868032,2.196845,-0.387003,0.833486,2.205834,-0.374256,0.810652,2.204721,-0.419992,0.856171,2.191128,-0.405747,0.822332,2.198601,-0.394514,0.802805,2.194173,-0.434651,0.845692,2.178732,-0.420516,0.816374,2.183046,-0.408456,0.797771,2.178048,-0.028145,0.788562,1.684989,-0.066079,0.752869,1.673373,-0.084094,0.731090,1.651269,-0.047255,0.717083,1.653795,-0.073971,0.697788,1.637225,-0.098131,0.695673,1.626235,-0.037640,0.724680,1.631254,-0.063457,0.704180,1.609880,-0.086740,0.706982,1.598246,-0.029663,0.732275,1.613179,-0.055226,0.714976,1.591939,-0.075439,0.722961,1.584548,-0.024374,0.746117,1.597091,-0.047974,0.732335,1.578899,-0.068651,0.734438,1.569690,,,
91,3.033,-0.275254,0.914397,1.840976,-0.394993,0.916081,1.834261,-0.155514,0.912713,1.847691,-0.457331,0.474686,1.845096,-0.130646,0.539812,2.090917,-0.437130,0.286780,1.474223,-0.151920,0.128429,2.031124,-0.273694,1.031618,1.842554,-0.276921,1.245727,1.853174,-0.259302,1.486876,1.874040,-0.245491,1.584483,1.906957,-0.296925,1.436670,1.880187,-0.228439,1.433243,1.862029,-0.428743,1.387771,1.930826,-0.101124,1.366067,1.824633,-0.510891,1.114175,1.983615,-0.052159,1.086282,1.760552,-0.445919,0.887959,2.140331,-0.004338,0.807908,1.774029,-0.454968,0.114342,1.429135,-0.127128,0.043862,2.187073,,,,,,,,,,-0.426728,0.887979,2.156311,-0.396261,0.855031,2.185194,-0.384664,0.825532,2.202001,-0.415959,0.831144,2.212001,-0.400751,0.798838,2.221256,-0.386813,0.776217,2.219577,-0.436070,0.818393,2.202451,-0.422003,0.781842,2.205590,-0.410270,0.758922,2.200885,-0.452619,0.808747,2.193446,-0.440367,0.773374,2.194983,-0.429640,0.754490,2.187537,-0.466678,0.801594,2.178295,-0.454610,0.771068,2.177602,-0.443273,0.752983,2.169801,-0.015662,0.791241,1.788782,-0.051123,0.751972,1.781824,-0.067613,0.726596,1.762549,-0.029962,0.715455,1.766430,-0.056008,0.693197,1.752765,-0.080221,0.688789,1.742604,-0.020915,0.720954,1.743058,-0.046149,0.697163,1.724596,-0.069712,0.697754,1.713205,-0.013497,0.726869,1.724138,-0.038496,0.706080,1.705517,-0.059190,0.712247,1.697726,-0.009178,0.739030,1.706478,-0.032243,0.722036,1.690447,-0.053132,0.721993,1.681478,,,
92,3.067,-0.272460,0.922526,1.894753,-0.392298,0.923820,1.889978,-0.152622,0.921232,1.899528,-0.457327,0.489729,1.968524,-0.130323,0.531703,2.115406,-0.433756,0.296655,1.600516,-0.150408,0.123250,2.037777,-0.271265,1.039748,1.896517,-0.274956,1.253731,1.909298,-0.259805,1.494583,1.934981,-0.247898,1.591786,1.969785,-0.297373,1.444084,1.938494,-0.228083,1.441323,1.923564,-0.430819,1.392817,1.982028,-0.098784,1.375203,1.891465,-0.504829,1.114302,2.018657,-0.044070,1.093312,1.843221,-0.474816,0.862979,2.144718,0.002514,0.817240,1.882906,-0.457059,0.120920,1.574819,-0.124591,0.038901,2.193678,,,,,,,,,,-0.456042,0.857905,2.160384,-0.427805,0.817127,2.180077,-0.417545,0.783922,2.188982,-0.449209,0.788121,2.199514,-0.435368,0.753930,2.199718,-0.422255,0.732077,2.192018,-0.469631,0.779295,2.186735,-0.457241,0.742671,2.179742,-0.446446,0.721409,2.168950,-0.486370,0.773148,2.175333,-0.475630,0.738179,2.167234,-0.465552,0.721573,2.154994,-0.500359,0.770872,2.158674,-0.490071,0.740987,2.149783,-0.479633,0.725048,2.137394,-0.007327,0.802314,1.900342,-0.040262,0.760323,1.900487,-0.055856,0.731275,1.886332,-0.017098,0.723288,1.889995,-0.041574,0.697295,1.880732,-0.065572,0.689584,1.872153,-0.008993,0.725756,1.865778,-0.032958,0.697841,1.851994,-0.056771,0.695135,1.841461,-0.002433,0.729205,1.845951,-0.026124,0.704117,1.831348,-0.047344,0.707578,1.823306,0.000650,0.738813,1.826546,-0.021238,0.718047,1.813605,-0.042154,0.715218,1.805159,,,
93,3.100,-0.273782,0.935566,1.948365,-0.393646,0.936630,1.944221,-0.153918,0.934501,1.952509,-0.460862,0.516235,2.076822,-0.139649,0.526148,2.131049,-0.428143,0.284638,1.732503,-0.151668,0.119366,2.043598,-0.272809,1.052787,1.950330,-0.275948,1.266704,1.964312,-0.263128,1.507293,1.993492,-0.254047,1.604149,2.030069,-0.300656,1.456648,1.994310,-0.230622,1.454257,1.983297,-0.435894,1.403677,2.029470,-0.099086,1.389344,1.958705,-0.503603,1.121638,2.045578,-0.039856,1.105798,1.929089,-0.501617,0.854612,2.138573,-0.000531,0.834118,1.996942,-0.448679,0.106719,1.735574,-0.126421,0.035103,2.199638,,,,,,,,,,-0.483402,0.844977,2.152681,-0.456862,0.799522,2.161484,-0.447230,0.764965,2.161895,-0.479580,0.767201,2.172276,-0.466536,0.733789,2.163671,-0.453741,0.714384,2.150688,-0.499916,0.762730,2.157285,-0.488384,0.728899,2.140969,-0.477929,0.710935,2.125060,-0.516529,0.760355,2.144387,-0.506497,0.728483,2.127438,-0.496551,0.715429,2.111382,-0.530148,0.762994,2.127477,-0.520715,0.736184,2.111041,-0.510554,0.723769,2.094944,-0.010404,0.821973,2.016401,-0.042151,0.779559,2.022816,-0.056735,0.748093,2.013619,-0.017701,0.742054,2.019105,-0.040239,0.713284,2.014119,-0.063455,0.702628,2.006605,-0.009039,0.740743,1.994990,-0.031371,0.709745,1.985825,-0.054744,0.704073,1.975487,-0.002064,0.741075,1.975009,-0.023922,0.712578,1.964332,-0.044993,0.713430,1.955262,0.001255,0.747438,1.954348,-0.019200,0.723851,1.944198,-0.039598,0.718645,1.935619,,,
94,3.133,-0.278844,0.951508,2.000211,-0.398703,0.952382,1.995891,-0.158985,0.950635,2.004531,-0.465287,0.546488,2.168080,-0.153357,0.525033,2.137434,-0.425643,0.258730,1.869940,-0.155637,0.118518,2.047970,-0.278059,1.068732,2.002126,-0.280284,1.282564,2.017510,-0.269708,1.523002,2.048759,-0.263627,1.619688,2.086393,-0.307071,1.472249,2.047367,-0.236562,1.470122,2.039906,-0.443760,1.418409,2.074730,-0.103242,1.406408,2.022981,-0.507581,1.135118,2.066803,-0.040595,1.122245,2.012461,-0.526140,0.859279,2.126163,-0.013529,0.857232,2.107309,-0.445429,0.085766,1.912103,-0.132353,0.034160,2.204265,,,,,,,,,,-0.508691,0.846268,2.138406,-0.483062,0.799466,2.137542,-0.473116,0.765651,2.130852,-0.506589,0.766007,2.139587,-0.493536,0.734584,2.125344,-0.480243,0.717764,2.109559,-0.526265,0.765545,2.123127,-0.514564,0.735546,2.100613,-0.503653,0.721002,2.081785,-0.542295,0.766561,2.109344,-0.532213,0.738570,2.086571,-0.521817,0.728806,2.068579,-0.555099,0.773319,2.092949,-0.545697,0.750692,2.071095,-0.535216,0.742012,2.052894,-0.025553,0.848165,2.127231,-0.057931,0.806820,2.136729,-0.071475,0.774079,2.131079,-0.033318,0.769575,2.141755,-0.054372,0.739372,2.139514,-0.076328,0.726543,2.131618,-0.022012,0.764603,2.119266,-0.042890,0.731903,2.113067,-0.064921,0.723929,2.101388,-0.012841,0.761880,2.100385,-0.032790,0.731229,2.092234,-0.052671,0.729811,2.080847,-0.007210,0.764950,2.079474,-0.026034,0.739502,2.070763,-0.045174,0.732436,2.060735,,,
95,3.167,-0.285526,0.966598,2.055732,-0.405361,0.967160,2.050748,-0.165691,0.966037,2.060716,-0.468078,0.572018,2.247628,-0.165303,0.527489,2.141392,-0.430094,0.224321,2.021957,-0.160814,0.119954,2.056781,-0.285038,1.083830,2.057194,-0.286567,1.297501,2.074744,-0.278441,1.537811,2.107668,-0.275020,1.634474,2.145695,-0.315457,1.486876,2.104607,-0.244708,1.485152,2.099771,-0.452749,1.431670,2.125451,-0.110047,1.423003,2.088627,-0.513759,1.149987,2.089093,-0.043460,1.139597,2.094187,-0.543918,0.870028,2.114952,-0.030747,0.883091,2.212524,-0.454870,0.069073,2.107808,-0.139907,0.035200,2.213197,,,,,,,,,,-0.527157,0.854926,2.125658,-0.501031,0.809072,2.117731,-0.489910,0.777098,2.105850,-0.524285,0.775860,2.111946,-0.510385,0.746224,2.094943,-0.495937,0.731263,2.078323,-0.542856,0.778520,2.094444,-0.529908,0.751905,2.068604,-0.517840,0.740048,2.048632,-0.557977,0.782126,2.080079,-0.547038,0.757460,2.054085,-0.535744,0.750134,2.035487,-0.569771,0.791855,2.064438,-0.559410,0.773335,2.039386,-0.548050,0.767901,2.020467,-0.045546,0.876888,2.231659,-0.079184,0.836903,2.242503,-0.092019,0.803493,2.239966,-0.055756,0.801204,2.256466,-0.075947,0.770336,2.256308,-0.096457,0.755690,2.247716,-0.041380,0.793134,2.236807,-0.061172,0.759421,2.232895,-0.081338,0.749266,2.219647,-0.029620,0.787789,2.220040,-0.048009,0.755699,2.214046,-0.066045,0.751994,2.200337,-0.021040,0.787814,2.199921,-0.038328,0.760921,2.192457,-0.055772,0.752010,2.180921,,,
96,3.200,-0.291138,0.977568,2.098739,-0.411023,0.978507,2.095225,-0.171254,0.976630,2.102254,-0.465024,0.586597,2.300951,-0.173415,0.531743,2.132314,-0.432048,0.191769,2.173333,-0.167010,0.125482,2.041903,-0.290307,1.094771,2.101670,-0.291388,1.308344,2.120408,-0.287347,1.548854,2.152619,-0.286338,1.645656,2.190430,-0.323588,1.497420,2.148740,-0.252716,1.496621,2.145853,-0.461260,1.441249,2.163654,-0.116760,1.436647,2.139588,-0.519192,1.163329,2.102058,-0.041273,1.156273,2.161406,-0.552116,0.882506,2.105151,-0.036913,0.910083,2.300446,-0.460424,0.065261,2.296931,-0.145733,0.041574,2.198725,,,,,,,,,,-0.535691,0.867215,2.116108,-0.506505,0.823518,2.106799,-0.492336,0.793333,2.093560,-0.527278,0.790006,2.095725,-0.510317,0.762297,2.078257,-0.493517,0.749207,2.062281,-0.544176,0.793485,2.076734,-0.527566,0.769599,2.050328,-0.513073,0.759893,2.030812,-0.558000,0.797760,2.061287,-0.543650,0.775646,2.034663,-0.530364,0.770225,2.016741,-0.568721,0.808393,2.045464,-0.555247,0.792580,2.020040,-0.541950,0.789293,2.001905,-0.053228,0.904076,2.318373,-0.087361,0.863983,2.327057,-0.099818,0.830462,2.324137,-0.064928,0.828741,2.343579,-0.084960,0.797803,2.342117,-0.104614,0.782963,2.331997,-0.048884,0.820464,2.325349,-0.068245,0.786665,2.320215,-0.087196,0.776311,2.305415,-0.035711,0.814937,2.309731,-0.053434,0.782678,2.302726,-0.070242,0.778695,2.287606,-0.025464,0.814695,2.290409,-0.041998,0.787613,2.281981,-0.058400,0.778460,2.269175,,,
97,3.233,-0.295332,0.980190,2.151260,-0.415236,0.980346,2.148340,-0.175428,0.980034,2.154180,-0.456720,0.580997,2.342331,-0.174996,0.534175,2.147671,-0.433832,0.165378,2.341742,-0.170607,0.131090,2.043908,-0.295284,1.097353,2.155565,-0.294989,1.310840,2.175289,-0.295328,1.551465,2.206880,-0.296546,1.648432,2.244263,-0.330711,1.499528,2.201932,-0.259778,1.499696,2.201452,-0.468448,1.442167,2.210279,-0.122194,1.443207,2.201339,-0.519369,1.169327,2.124519,-0.035154,1.168125,2.240552,-0.551953,0.889146,2.104711,-0.044006,0.936643,2.402719,-0.467050,0.076433,2.493634,-0.148255,0.047544,2.200773,,,,,,,,,,-0.536104,0.873744,2.116341,-0.504376,0.831771,2.107420,-0.487675,0.803014,2.093955,-0.522550,0.798362,2.092228,-0.502894,0.772386,2.074922,-0.484101,0.760898,2.059968,-0.537579,0.802492,2.071849,-0.517429,0.780917,2.045923,-0.500651,0.772973,2.027470,-0.549943,0.807291,2.055353,-0.532119,0.787436,2.029050,-0.516896,0.783628,2.012290,-0.559442,0.818561,2.039193,-0.542801,0.804880,2.014416,-0.527594,0.803221,1.997609,-0.062094,0.930904,2.418952,-0.096324,0.890447,2.425238,-0.108329,0.856754,2.422404,-0.075278,0.856217,2.445328,-0.094978,0.825200,2.442104,-0.113286,0.810105,2.430024,-0.057195,0.847667,2.429261,-0.075659,0.813600,2.422771,-0.092743,0.802764,2.406156,-0.042297,0.841895,2.415379,-0.059058,0.809383,2.407262,-0.074081,0.804958,2.390478,-0.029984,0.841223,2.397313,-0.045593,0.813877,2.388019,-0.060584,0.804332,2.373842,,,
98,3.267,-0.298556,0.974125,2.200817,-0.418429,0.970739,2.198665,-0.178684,0.977512,2.202970,-0.451285,0.576447,2.404301,-0.168772,0.532293,2.180278,-0.445698,0.171971,2.502444,-0.167732,0.138497,2.045419,-0.301957,1.091202,2.206040,-0.298855,1.304660,2.225825,-0.304456,1.545330,2.256574,-0.307471,1.642451,2.293450,-0.338743,1.492786,2.250466,-0.267856,1.494159,2.252668,-0.476048,1.433847,2.252703,-0.128890,1.441619,2.259609,-0.515936,1.166565,2.146124,-0.029693,1.174486,2.319470,-0.544769,0.888361,2.104576,-0.047781,0.957202,2.499529,-0.481761,0.122476,2.670776,-0.145389,0.052353,2.200874,,,,,,,,,,-0.529953,0.872717,2.117201,-0.496479,0.831781,2.110008,-0.477630,0.803981,2.097399,-0.512091,0.798801,2.091412,-0.490155,0.773944,2.075240,-0.469616,0.763444,2.061946,-0.524867,0.803613,2.069690,-0.501546,0.783583,2.045223,-0.482685,0.776769,2.028402,-0.535439,0.808958,2.052149,-0.514388,0.790677,2.027120,-0.497336,0.787924,2.011996,-0.543351,0.820801,2.035550,-0.523733,0.808590,2.012226,-0.506711,0.807985,1.997180,-0.067500,0.952087,2.513973,-0.101553,0.911313,2.519048,-0.113480,0.877510,2.517472,-0.082367,0.878954,2.543606,-0.101432,0.847633,2.539595,-0.118089,0.831776,2.526175,-0.062437,0.869824,2.530275,-0.079657,0.835130,2.523690,-0.094570,0.823081,2.505865,-0.045965,0.863530,2.518568,-0.061528,0.830429,2.510446,-0.074513,0.824917,2.492336,-0.031670,0.861994,2.502085,-0.046237,0.834056,2.492860,-0.059631,0.823596,2.477761,,,
99,3.300,-0.301496,0.962353,2.256184,-0.421237,0.955484,2.255611,-0.181754,0.969222,2.256757,-0.448749,0.574958,2.486427,-0.162416,0.525777,2.214153,-0.466641,0.189508,2.642540,-0.164544,0.144014,2.048273,-0.308230,1.079260,2.261926,-0.303763,1.292798,2.280559,-0.313910,1.533508,2.309793,-0.318187,1.630767,2.346178,-0.347202,1.480419,2.302937,-0.276444,1.482879,2.307283,-0.484210,1.420818,2.300099,-0.137259,1.432343,2.321214,-0.513125,1.159120,2.177348,-0.029380,1.174806,2.403802,-0.538288,0.884312,2.115682,-0.055490,0.969848,2.596859,-0.504586,0.180768,2.817382,-0.141957,0.054474,2.201761,,,,,,,,,,-0.524607,0.868105,2.128865,-0.489992,0.827933,2.122867,-0.469593,0.801061,2.110663,-0.503163,0.795928,2.100970,-0.478989,0.772819,2.085406,-0.456936,0.763796,2.073529,-0.513736,0.801854,2.078357,-0.487584,0.783902,2.055172,-0.466966,0.778553,2.039962,-0.522549,0.808094,2.060153,-0.498530,0.792002,2.036322,-0.479939,0.790634,2.022920,-0.528904,0.820791,2.043516,-0.506797,0.810355,2.021600,-0.488341,0.810932,2.008351,-0.076373,0.965555,2.609862,-0.109938,0.924480,2.615712,-0.121465,0.890510,2.616444,-0.092506,0.895147,2.644935,-0.110643,0.863172,2.641901,-0.125682,0.845830,2.628408,-0.071235,0.885376,2.634430,-0.087072,0.849751,2.629570,-0.099984,0.835725,2.611628,-0.053614,0.878481,2.624944,-0.067833,0.844428,2.618457,-0.078960,0.837019,2.599796,-0.037806,0.875808,2.610066,-0.051147,0.846827,2.602323,-0.062996,0.834710,2.587171,,,
100,3.333,-0.305316,0.947169,2.315129,-0.424964,0.938963,2.316700,-0.185667,0.955375,2.313559,-0.449100,0.578855,2.578562,-0.161309,0.515348,2.245623,-0.478769,0.203038,2.755042,-0.165474,0.147615,2.050638,-0.313244,1.063973,2.321428,-0.309833,1.277628,2.338908,-0.321955,1.518409,2.366772,-0.326894,1.615825,2.402649,-0.354799,1.465082,2.359602,-0.284142,1.468001,2.365162,-0.491864,1.405957,2.352620,-0.145556,1.417693,2.384735,-0.512989,1.148245,2.220227,-0.032660,1.169433,2.486741,-0.537070,0.877743,2.141463,-0.062760,0.973148,2.688053,-0.516497,0.228352,2.928310,-0.141638,0.056307,2.202891,,,,,,,,,,-0.524135,0.860869,2.154562,-0.488935,0.821212,2.148536,-0.467473,0.795079,2.136552,-0.500480,0.790440,2.124102,-0.474144,0.770524,2.107659,-0.451028,0.764106,2.096114,-0.509649,0.797588,2.101231,-0.481289,0.782746,2.078446,-0.459534,0.779551,2.064247,-0.517341,0.804808,2.082882,-0.490890,0.791811,2.059748,-0.471319,0.792351,2.047755,-0.522724,0.818396,2.066609,-0.498861,0.809847,2.045742,-0.479518,0.811629,2.033946,-0.084221,0.969065,2.700152,-0.116572,0.927256,2.707459,-0.126469,0.892883,2.710276,-0.099886,0.901114,2.739962,-0.116657,0.868298,2.738413,-0.130204,0.849374,2.725478,-0.077681,0.891407,2.731537,-0.091808,0.854851,2.728768,-0.103053,0.838916,2.711305,-0.059283,0.884497,2.723679,-0.071840,0.849490,2.719128,-0.081527,0.840203,2.700504,-0.042520,0.881282,2.710001,-0.054389,0.851257,2.704050,-0.064909,0.837461,2.689361,,,
101,3.367,-0.310205,0.933311,2.376492,-0.429838,0.925350,2.379687,-0.190573,0.941272,2.373296,-0.453613,0.568064,2.645420,-0.165628,0.506600,2.277012,-0.476637,0.191989,2.822341,-0.168003,0.153300,2.056928,-0.317807,1.050129,2.382928,-0.316499,1.263811,2.400357,-0.329671,1.504517,2.428392,-0.335556,1.601961,2.464051,-0.362252,1.451145,2.420411,-0.291740,1.454181,2.427514,-0.498843,1.391585,2.409138,-0.153621,1.404637,2.451784,-0.513579,1.134657,2.274377,-0.039043,1.162026,2.564902,-0.537160,0.868164,2.182830,-0.067407,0.969032,2.769619,-0.509386,0.213074,2.997181,-0.143625,0.055927,2.205287,,,,,,,,,,-0.524366,0.850670,2.195235,-0.488818,0.811581,2.187731,-0.467017,0.786269,2.174646,-0.499719,0.782123,2.161451,-0.472624,0.764324,2.143853,-0.449225,0.759517,2.132098,-0.508507,0.790456,2.138833,-0.479353,0.777775,2.115747,-0.457250,0.776004,2.101839,-0.515903,0.798623,2.120761,-0.488596,0.787698,2.097550,-0.468750,0.789410,2.086134,-0.521067,0.813047,2.105151,-0.496580,0.805867,2.084492,-0.476955,0.808448,2.073325,-0.089123,0.965161,2.781327,-0.120494,0.923005,2.790634,-0.129198,0.888549,2.795573,-0.104131,0.899749,2.825414,-0.119930,0.866419,2.825656,-0.132517,0.846254,2.813662,-0.081400,0.890154,2.818379,-0.094330,0.853058,2.817862,-0.104527,0.835569,2.801264,-0.062569,0.883270,2.811594,-0.074000,0.847675,2.809115,-0.082812,0.836851,2.790890,-0.045290,0.879610,2.798694,-0.056134,0.848896,2.794585,-0.065799,0.833782,2.780623,,,
102,3.400,-0.316104,0.921054,2.440581,-0.435854,0.915092,2.443735,-0.196354,0.927015,2.437426,-0.457219,0.549345,2.697911,-0.175199,0.500092,2.310454,-0.470173,0.166124,2.859890,-0.170836,0.161274,2.068697,-0.321814,1.038075,2.444937,-0.322988,1.251930,2.460122,-0.338193,1.492735,2.486207,-0.345953,1.590407,2.520868,-0.370255,1.439145,2.477603,-0.300001,1.442592,2.486781,-0.505718,1.377637,2.463539,-0.162067,1.394956,2.515509,-0.517591,1.117988,2.333803,-0.046956,1.153374,2.630275,-0.541310,0.852264,2.240084,-0.067660,0.957079,2.832761,-0.493755,0.149648,3.036690,-0.145494,0.051659,2.208084,,,,,,,,,,-0.528454,0.834018,2.251285,-0.494135,0.794499,2.240867,-0.473602,0.769356,2.225592,-0.506723,0.766351,2.213915,-0.480752,0.748809,2.194462,-0.457964,0.744060,2.181539,-0.516184,0.775764,2.192003,-0.488223,0.763303,2.167373,-0.466700,0.761551,2.152580,-0.524082,0.784800,2.174568,-0.497910,0.774220,2.149934,-0.478469,0.775949,2.137844,-0.529511,0.799941,2.159747,-0.505893,0.792932,2.138043,-0.486586,0.795432,2.126319,-0.089330,0.953313,2.844585,-0.119820,0.910989,2.855855,-0.127373,0.876530,2.862406,-0.103089,0.889818,2.891774,-0.118000,0.856170,2.894224,-0.130092,0.834958,2.883604,-0.080130,0.880388,2.885277,-0.092096,0.843003,2.886946,-0.101831,0.824308,2.871420,-0.061130,0.873592,2.878887,-0.071550,0.837605,2.878471,-0.080018,0.825506,2.860896,-0.043727,0.869684,2.866228,-0.053483,0.838430,2.863802,-0.062559,0.822264,2.850647,,,
103,3.433,-0.323159,0.911122,2.507855,-0.443005,0.906552,2.509079,-0.203312,0.915691,2.506631,-0.459676,0.531969,2.750412,-0.185916,0.500792,2.344185,-0.465485,0.139537,2.889073,-0.170146,0.175000,2.085583,-0.327594,1.028244,2.510739,-0.331292,1.242340,2.521466,-0.347420,1.483719,2.540831,-0.357742,1.581970,2.573105,-0.379184,1.429873,2.532736,-0.309217,1.433667,2.543776,-0.513860,1.367011,2.517171,-0.171636,1.387397,2.576194,-0.527798,1.102489,2.397907,-0.059018,1.142392,2.686074,-0.553744,0.833555,2.314503,-0.070642,0.937592,2.880708,-0.487891,0.081896,3.057185,-0.143527,0.043889,2.204694,,,,,,,,,,-0.540804,0.814789,2.324703,-0.508456,0.774357,2.311786,-0.489936,0.748913,2.294560,-0.523563,0.746933,2.285387,-0.499396,0.728924,2.264120,-0.477621,0.723691,2.249723,-0.534055,0.756893,2.264198,-0.507941,0.743876,2.237885,-0.487365,0.741646,2.221861,-0.542724,0.766375,2.247377,-0.518377,0.755325,2.221130,-0.499640,0.756617,2.207924,-0.548576,0.781851,2.233072,-0.526394,0.774243,2.210093,-0.507673,0.776185,2.197354,-0.092279,0.933957,2.892635,-0.122611,0.891731,2.904674,-0.129251,0.857187,2.911744,-0.105747,0.871225,2.940914,-0.120051,0.837526,2.945428,-0.131994,0.815592,2.936196,-0.082769,0.861760,2.934536,-0.094239,0.824339,2.937960,-0.103913,0.804856,2.923395,-0.063758,0.854919,2.928227,-0.073505,0.818758,2.929340,-0.081866,0.805805,2.912333,-0.046366,0.850853,2.915603,-0.055285,0.819292,2.914130,-0.063954,0.802555,2.901421,,,
104,3.467,-0.332831,0.904982,2.572132,-0.452718,0.901596,2.571074,-0.212944,0.908369,2.573190,-0.473501,0.531233,2.818525,-0.187550,0.492622,2.413997,-0.470958,0.125863,2.913034,-0.166394,0.192979,2.125848,-0.336155,1.022167,2.573663,-0.342978,1.236324,2.581156,-0.356859,1.478287,2.593802,-0.369245,1.577164,2.623323,-0.389078,1.424558,2.586803,-0.319203,1.427958,2.598537,-0.523960,1.362074,2.571503,-0.182305,1.380911,2.632678,-0.546376,1.092894,2.464594,-0.075606,1.128009,2.729837,-0.579065,0.819961,2.398305,-0.078280,0.910426,2.910422,-0.494240,0.038161,3.067476,-0.139129,0.033894,2.203531,,,,,,,,,,-0.566063,0.801474,2.408927,-0.534554,0.760133,2.396840,-0.517049,0.733885,2.379759,-0.550703,0.731827,2.372037,-0.527299,0.712946,2.350673,-0.506016,0.707068,2.335798,-0.561665,0.741028,2.350743,-0.536306,0.726741,2.324351,-0.516148,0.723690,2.307936,-0.570688,0.749911,2.333782,-0.547099,0.737536,2.307434,-0.528683,0.738077,2.293735,-0.576757,0.764851,2.319005,-0.555009,0.755765,2.296149,-0.536450,0.756749,2.283070,-0.099924,0.907081,2.922420,-0.131125,0.865353,2.933963,-0.138808,0.830930,2.940549,-0.114517,0.843889,2.969764,-0.129147,0.810435,2.974991,-0.141551,0.788535,2.966301,-0.091794,0.834019,2.963093,-0.103789,0.796797,2.966869,-0.113969,0.777333,2.952626,-0.072979,0.826858,2.956559,-0.083141,0.790818,2.957863,-0.091838,0.777911,2.940989,-0.055755,0.822610,2.943765,-0.064983,0.791149,2.942091,-0.073889,0.774534,2.929386,,,
105,3.500,-0.344007,0.902305,2.633294,-0.463882,0.899533,2.630490,-0.224132,0.905076,2.636097,-0.493938,0.542593,2.896053,-0.176260,0.475504,2.526516,-0.478237,0.127139,2.916414,-0.157929,0.218807,2.199355,-0.346721,1.019515,2.633482,-0.354197,1.233702,2.639271,-0.368126,1.475829,2.648173,-0.381814,1.575041,2.675942,-0.400342,1.421990,2.642072,-0.330446,1.425591,2.653619,-0.535018,1.358452,2.629552,-0.193490,1.378476,2.687432,-0.566417,1.084937,2.536851,-0.088687,1.117697,2.763552,-0.603719,0.808030,2.493423,-0.078624,0.885068,2.923998,-0.504139,0.039720,3.070599,-0.139488,0.040822,2.207560,,,,,,,,,,-0.590703,0.790641,2.505745,-0.559696,0.747971,2.497630,-0.543198,0.720110,2.482179,-0.576429,0.717368,2.476166,-0.553718,0.696166,2.456285,-0.532861,0.688549,2.441596,-0.587636,0.724384,2.454179,-0.562755,0.707201,2.429090,-0.542856,0.702278,2.412815,-0.596841,0.731520,2.436506,-0.573847,0.716101,2.411261,-0.555669,0.714932,2.397286,-0.603014,0.744882,2.420328,-0.581353,0.732973,2.398719,-0.562789,0.732186,2.385634,-0.099936,0.881094,2.936393,-0.130862,0.838812,2.946581,-0.138970,0.804229,2.951645,-0.113307,0.815502,2.980739,-0.127640,0.781777,2.984956,-0.140235,0.760211,2.975726,-0.090788,0.805999,2.972939,-0.102493,0.768589,2.975594,-0.113042,0.749601,2.960983,-0.072167,0.799195,2.965525,-0.082203,0.763096,2.965444,-0.091356,0.750934,2.948260,-0.055305,0.795627,2.952059,-0.064514,0.764255,2.949098,-0.073734,0.748222,2.935880,,,
